The Chi-Chi (Taiwan) earthquake of September 20, 1999.
Source: PEER Strong Motion database
Recording station: TCU045
Frequency range: 0.02-50.0 Hz
Time[s] Accel[g]
0.000	0.000
0.010	0.000
0.020	0.000
0.030	0.000
0.040	-0.000
0.050	0.000
0.060	0.000
0.070	-0.000
0.080	-0.000
0.090	0.000
0.100	-0.000
0.110	0.000
0.120	0.000
0.130	0.000
0.140	0.000
0.150	0.000
0.160	-0.000
0.170	-0.000
0.180	-0.000
0.190	0.000
0.200	-0.000
0.210	0.000
0.220	0.000
0.230	0.000
0.240	0.000
0.250	-0.000
0.260	-0.000
0.270	0.000
0.280	-0.000
0.290	0.000
0.300	-0.000
0.310	-0.000
0.320	0.000
0.330	-0.000
0.340	0.000
0.350	-0.000
0.360	0.000
0.370	0.000
0.380	-0.000
0.390	0.000
0.400	-0.000
0.410	0.000
0.420	-0.000
0.430	0.000
0.440	0.000
0.450	0.000
0.460	-0.000
0.470	-0.000
0.480	0.000
0.490	-0.000
0.500	0.000
0.510	-0.000
0.520	0.000
0.530	0.000
0.540	0.000
0.550	-0.000
0.560	0.000
0.570	0.000
0.580	0.000
0.590	-0.000
0.600	-0.000
0.610	-0.000
0.620	0.000
0.630	-0.000
0.640	-0.000
0.650	0.000
0.660	0.000
0.670	-0.000
0.680	-0.000
0.690	0.000
0.700	-0.000
0.710	-0.000
0.720	0.000
0.730	0.000
0.740	-0.000
0.750	-0.000
0.760	0.000
0.770	0.000
0.780	0.000
0.790	-0.000
0.800	-0.000
0.810	0.000
0.820	0.000
0.830	-0.000
0.840	0.000
0.850	0.000
0.860	0.000
0.870	0.000
0.880	0.000
0.890	-0.000
0.900	-0.000
0.910	0.000
0.920	0.000
0.930	0.000
0.940	-0.000
0.950	-0.000
0.960	-0.000
0.970	-0.000
0.980	-0.000
0.990	-0.000
1.000	-0.000
1.010	0.000
1.020	-0.000
1.030	0.000
1.040	0.000
1.050	0.000
1.060	0.000
1.070	-0.000
1.080	-0.000
1.090	-0.000
1.100	-0.000
1.110	-0.000
1.120	0.000
1.130	-0.000
1.140	0.000
1.150	0.000
1.160	-0.000
1.170	-0.000
1.180	-0.000
1.190	-0.000
1.200	-0.000
1.210	-0.000
1.220	-0.000
1.230	-0.000
1.240	-0.000
1.250	-0.000
1.260	0.000
1.270	-0.000
1.280	0.000
1.290	0.000
1.300	-0.000
1.310	0.000
1.320	-0.000
1.330	0.000
1.340	0.000
1.350	0.000
1.360	0.000
1.370	0.000
1.380	0.000
1.390	0.000
1.400	0.000
1.410	0.000
1.420	0.000
1.430	0.000
1.440	0.000
1.450	0.000
1.460	0.000
1.470	0.000
1.480	-0.000
1.490	-0.000
1.500	-0.000
1.510	-0.000
1.520	-0.000
1.530	-0.000
1.540	-0.000
1.550	-0.000
1.560	0.000
1.570	-0.000
1.580	0.000
1.590	-0.000
1.600	-0.000
1.610	-0.000
1.620	0.000
1.630	-0.000
1.640	-0.000
1.650	0.000
1.660	0.000
1.670	0.000
1.680	-0.000
1.690	0.000
1.700	0.000
1.710	0.000
1.720	0.000
1.730	0.000
1.740	0.000
1.750	0.000
1.760	0.000
1.770	0.000
1.780	0.000
1.790	0.000
1.800	0.000
1.810	0.000
1.820	0.000
1.830	0.000
1.840	0.000
1.850	-0.000
1.860	-0.000
1.870	0.000
1.880	0.000
1.890	0.000
1.900	0.000
1.910	0.000
1.920	-0.000
1.930	0.000
1.940	-0.000
1.950	-0.000
1.960	-0.000
1.970	-0.000
1.980	-0.000
1.990	-0.000
2.000	-0.000
2.010	-0.000
2.020	-0.000
2.030	-0.000
2.040	0.000
2.050	0.000
2.060	0.001
2.070	0.001
2.080	0.000
2.090	-0.000
2.100	-0.001
2.110	-0.001
2.120	-0.001
2.130	-0.001
2.140	-0.000
2.150	0.000
2.160	-0.000
2.170	-0.000
2.180	-0.000
2.190	-0.000
2.200	-0.000
2.210	-0.000
2.220	-0.000
2.230	-0.000
2.240	-0.000
2.250	0.000
2.260	-0.000
2.270	0.000
2.280	0.000
2.290	0.000
2.300	-0.000
2.310	0.000
2.320	0.000
2.330	0.000
2.340	0.000
2.350	0.000
2.360	0.000
2.370	0.000
2.380	0.000
2.390	0.001
2.400	0.001
2.410	0.000
2.420	0.000
2.430	-0.000
2.440	-0.000
2.450	-0.000
2.460	-0.000
2.470	-0.001
2.480	-0.000
2.490	-0.001
2.500	-0.000
2.510	-0.001
2.520	-0.000
2.530	-0.001
2.540	-0.001
2.550	-0.001
2.560	-0.001
2.570	-0.001
2.580	-0.001
2.590	-0.001
2.600	-0.001
2.610	-0.001
2.620	-0.001
2.630	0.000
2.640	0.000
2.650	0.001
2.660	0.001
2.670	0.001
2.680	0.000
2.690	0.000
2.700	0.000
2.710	-0.000
2.720	-0.000
2.730	-0.000
2.740	-0.000
2.750	-0.000
2.760	-0.000
2.770	-0.000
2.780	0.000
2.790	0.000
2.800	-0.000
2.810	0.000
2.820	0.001
2.830	0.001
2.840	0.001
2.850	0.002
2.860	0.001
2.870	0.001
2.880	0.000
2.890	0.000
2.900	0.001
2.910	0.001
2.920	0.001
2.930	0.001
2.940	0.001
2.950	0.001
2.960	0.001
2.970	0.000
2.980	-0.000
2.990	-0.000
3.000	-0.000
3.010	-0.000
3.020	-0.000
3.030	-0.000
3.040	-0.000
3.050	-0.000
3.060	-0.000
3.070	-0.000
3.080	-0.001
3.090	-0.001
3.100	-0.002
3.110	-0.002
3.120	-0.002
3.130	-0.003
3.140	-0.002
3.150	-0.002
3.160	-0.001
3.170	-0.000
3.180	0.001
3.190	0.002
3.200	0.002
3.210	0.002
3.220	0.002
3.230	0.001
3.240	0.000
3.250	-0.001
3.260	-0.001
3.270	-0.000
3.280	-0.000
3.290	-0.000
3.300	0.000
3.310	0.000
3.320	-0.000
3.330	-0.001
3.340	-0.001
3.350	-0.001
3.360	-0.000
3.370	-0.000
3.380	-0.000
3.390	0.000
3.400	0.001
3.410	0.002
3.420	0.003
3.430	0.003
3.440	0.002
3.450	0.001
3.460	-0.000
3.470	-0.002
3.480	-0.002
3.490	-0.002
3.500	-0.001
3.510	-0.000
3.520	0.000
3.530	0.000
3.540	0.000
3.550	-0.001
3.560	-0.002
3.570	-0.002
3.580	-0.002
3.590	-0.002
3.600	-0.001
3.610	-0.001
3.620	-0.000
3.630	-0.000
3.640	-0.000
3.650	0.001
3.660	0.002
3.670	0.003
3.680	0.004
3.690	0.003
3.700	0.003
3.710	0.003
3.720	0.002
3.730	0.001
3.740	0.000
3.750	0.001
3.760	0.001
3.770	0.002
3.780	0.002
3.790	0.001
3.800	0.001
3.810	0.001
3.820	0.000
3.830	-0.000
3.840	-0.001
3.850	-0.002
3.860	-0.002
3.870	-0.002
3.880	-0.002
3.890	-0.002
3.900	-0.002
3.910	-0.002
3.920	-0.002
3.930	-0.002
3.940	-0.001
3.950	-0.001
3.960	-0.000
3.970	-0.001
3.980	-0.000
3.990	-0.000
4.000	-0.000
4.010	-0.000
4.020	-0.001
4.030	-0.001
4.040	-0.001
4.050	-0.001
4.060	-0.000
4.070	0.001
4.080	0.002
4.090	0.003
4.100	0.003
4.110	0.004
4.120	0.004
4.130	0.003
4.140	0.002
4.150	0.001
4.160	-0.000
4.170	-0.001
4.180	-0.002
4.190	-0.001
4.200	-0.001
4.210	-0.001
4.220	-0.001
4.230	-0.001
4.240	-0.001
4.250	-0.001
4.260	-0.001
4.270	-0.002
4.280	-0.002
4.290	-0.002
4.300	-0.001
4.310	-0.001
4.320	-0.001
4.330	-0.001
4.340	-0.000
4.350	0.000
4.360	0.000
4.370	0.001
4.380	0.000
4.390	-0.000
4.400	-0.001
4.410	-0.001
4.420	-0.001
4.430	-0.001
4.440	-0.000
4.450	0.001
4.460	0.001
4.470	0.002
4.480	0.001
4.490	0.001
4.500	0.002
4.510	0.001
4.520	0.001
4.530	0.001
4.540	0.001
4.550	0.000
4.560	0.001
4.570	0.000
4.580	0.001
4.590	0.002
4.600	0.001
4.610	0.001
4.620	0.000
4.630	0.000
4.640	0.000
4.650	0.000
4.660	-0.001
4.670	-0.001
4.680	-0.001
4.690	0.000
4.700	0.001
4.710	0.001
4.720	0.002
4.730	0.002
4.740	0.001
4.750	0.001
4.760	-0.000
4.770	-0.001
4.780	-0.002
4.790	-0.002
4.800	-0.001
4.810	-0.001
4.820	-0.000
4.830	0.000
4.840	0.000
4.850	0.000
4.860	0.000
4.870	0.000
4.880	-0.000
4.890	-0.000
4.900	-0.000
4.910	-0.000
4.920	-0.000
4.930	-0.001
4.940	-0.001
4.950	-0.001
4.960	-0.000
4.970	0.001
4.980	0.001
4.990	0.001
5.000	0.000
5.010	0.001
5.020	0.000
5.030	0.000
5.040	0.000
5.050	0.000
5.060	0.001
5.070	0.001
5.080	0.001
5.090	0.000
5.100	-0.001
5.110	-0.002
5.120	-0.002
5.130	-0.001
5.140	-0.000
5.150	0.000
5.160	0.001
5.170	0.001
5.180	0.001
5.190	0.001
5.200	0.001
5.210	0.001
5.220	0.000
5.230	0.000
5.240	-0.001
5.250	-0.001
5.260	-0.001
5.270	-0.001
5.280	-0.001
5.290	-0.002
5.300	-0.002
5.310	-0.002
5.320	-0.002
5.330	-0.002
5.340	-0.003
5.350	-0.003
5.360	-0.002
5.370	-0.001
5.380	-0.000
5.390	0.000
5.400	0.001
5.410	0.001
5.420	0.001
5.430	0.001
5.440	0.001
5.450	0.001
5.460	0.001
5.470	0.001
5.480	0.002
5.490	0.002
5.500	0.002
5.510	0.002
5.520	0.002
5.530	0.002
5.540	0.001
5.550	0.001
5.560	-0.000
5.570	-0.002
5.580	-0.002
5.590	-0.003
5.600	-0.003
5.610	-0.002
5.620	-0.002
5.630	-0.001
5.640	-0.001
5.650	-0.000
5.660	-0.000
5.670	-0.000
5.680	0.001
5.690	0.002
5.700	0.002
5.710	0.002
5.720	0.002
5.730	0.002
5.740	0.002
5.750	0.002
5.760	0.002
5.770	0.002
5.780	0.001
5.790	0.001
5.800	0.001
5.810	0.001
5.820	0.001
5.830	0.001
5.840	0.001
5.850	0.001
5.860	0.000
5.870	0.000
5.880	-0.000
5.890	-0.000
5.900	-0.001
5.910	-0.001
5.920	-0.002
5.930	-0.002
5.940	-0.002
5.950	-0.001
5.960	-0.001
5.970	-0.000
5.980	-0.000
5.990	0.001
6.000	0.001
6.010	0.002
6.020	0.001
6.030	0.001
6.040	-0.000
6.050	-0.001
6.060	-0.001
6.070	-0.001
6.080	-0.001
6.090	-0.000
6.100	-0.000
6.110	0.000
6.120	0.000
6.130	0.001
6.140	0.001
6.150	0.000
6.160	0.000
6.170	-0.000
6.180	-0.001
6.190	-0.000
6.200	-0.000
6.210	0.000
6.220	0.000
6.230	0.000
6.240	0.001
6.250	0.001
6.260	0.001
6.270	0.001
6.280	0.001
6.290	0.001
6.300	0.000
6.310	0.001
6.320	0.001
6.330	0.001
6.340	0.001
6.350	0.001
6.360	0.001
6.370	0.001
6.380	0.000
6.390	-0.001
6.400	-0.002
6.410	-0.002
6.420	-0.002
6.430	-0.003
6.440	-0.003
6.450	-0.002
6.460	-0.001
6.470	0.000
6.480	0.001
6.490	0.001
6.500	0.001
6.510	0.001
6.520	0.001
6.530	0.000
6.540	0.000
6.550	0.001
6.560	0.001
6.570	0.000
6.580	-0.000
6.590	-0.000
6.600	-0.001
6.610	-0.001
6.620	-0.001
6.630	-0.001
6.640	-0.001
6.650	-0.001
6.660	-0.002
6.670	-0.002
6.680	-0.002
6.690	-0.002
6.700	-0.002
6.710	-0.002
6.720	-0.001
6.730	0.000
6.740	0.001
6.750	0.002
6.760	0.002
6.770	0.003
6.780	0.004
6.790	0.004
6.800	0.004
6.810	0.003
6.820	0.003
6.830	0.003
6.840	0.003
6.850	0.002
6.860	0.001
6.870	-0.000
6.880	-0.002
6.890	-0.003
6.900	-0.003
6.910	-0.003
6.920	-0.003
6.930	-0.003
6.940	-0.003
6.950	-0.002
6.960	-0.002
6.970	-0.002
6.980	-0.001
6.990	-0.001
7.000	-0.001
7.010	-0.001
7.020	-0.000
7.030	0.001
7.040	0.001
7.050	0.001
7.060	0.001
7.070	0.001
7.080	0.001
7.090	0.001
7.100	0.000
7.110	0.000
7.120	0.000
7.130	0.001
7.140	0.000
7.150	-0.000
7.160	-0.001
7.170	-0.001
7.180	-0.001
7.190	-0.001
7.200	-0.001
7.210	-0.001
7.220	-0.001
7.230	-0.000
7.240	0.000
7.250	0.000
7.260	0.000
7.270	0.001
7.280	0.001
7.290	0.001
7.300	-0.000
7.310	-0.001
7.320	-0.002
7.330	-0.002
7.340	-0.003
7.350	-0.002
7.360	-0.001
7.370	-0.001
7.380	0.000
7.390	0.000
7.400	0.001
7.410	0.000
7.420	0.000
7.430	0.000
7.440	0.000
7.450	-0.000
7.460	-0.000
7.470	-0.000
7.480	-0.000
7.490	-0.001
7.500	-0.001
7.510	-0.000
7.520	-0.000
7.530	0.001
7.540	0.001
7.550	0.002
7.560	0.002
7.570	0.001
7.580	0.001
7.590	0.001
7.600	0.001
7.610	0.001
7.620	0.002
7.630	0.002
7.640	0.002
7.650	0.001
7.660	0.000
7.670	-0.002
7.680	-0.003
7.690	-0.004
7.700	-0.004
7.710	-0.004
7.720	-0.003
7.730	-0.003
7.740	-0.002
7.750	-0.003
7.760	-0.004
7.770	-0.004
7.780	-0.004
7.790	-0.004
7.800	-0.003
7.810	-0.002
7.820	-0.000
7.830	0.001
7.840	0.001
7.850	0.001
7.860	0.001
7.870	0.001
7.880	0.000
7.890	0.000
7.900	0.000
7.910	-0.000
7.920	0.000
7.930	0.000
7.940	0.000
7.950	0.000
7.960	-0.000
7.970	-0.001
7.980	-0.000
7.990	-0.000
8.000	-0.001
8.010	-0.000
8.020	-0.000
8.030	0.000
8.040	0.001
8.050	0.001
8.060	0.001
8.070	0.001
8.080	0.001
8.090	0.002
8.100	0.002
8.110	0.001
8.120	0.001
8.130	-0.000
8.140	-0.001
8.150	-0.001
8.160	-0.001
8.170	-0.000
8.180	0.000
8.190	0.001
8.200	0.001
8.210	0.002
8.220	0.002
8.230	0.002
8.240	0.002
8.250	0.002
8.260	0.001
8.270	0.001
8.280	0.001
8.290	0.001
8.300	0.001
8.310	0.001
8.320	0.001
8.330	0.001
8.340	0.001
8.350	0.001
8.360	-0.000
8.370	-0.000
8.380	-0.000
8.390	-0.000
8.400	0.000
8.410	-0.000
8.420	-0.000
8.430	0.000
8.440	0.001
8.450	0.001
8.460	-0.000
8.470	-0.001
8.480	-0.002
8.490	-0.002
8.500	-0.002
8.510	-0.001
8.520	-0.001
8.530	-0.001
8.540	-0.000
8.550	-0.000
8.560	-0.001
8.570	-0.000
8.580	0.001
8.590	0.002
8.600	0.002
8.610	0.002
8.620	0.002
8.630	0.002
8.640	0.002
8.650	0.002
8.660	0.003
8.670	0.003
8.680	0.003
8.690	0.002
8.700	0.001
8.710	-0.000
8.720	-0.002
8.730	-0.003
8.740	-0.004
8.750	-0.004
8.760	-0.004
8.770	-0.003
8.780	-0.003
8.790	-0.002
8.800	-0.002
8.810	-0.003
8.820	-0.002
8.830	-0.001
8.840	-0.001
8.850	-0.001
8.860	-0.001
8.870	-0.002
8.880	-0.003
8.890	-0.004
8.900	-0.003
8.910	-0.003
8.920	-0.002
8.930	-0.001
8.940	0.001
8.950	0.003
8.960	0.003
8.970	0.002
8.980	0.001
8.990	0.002
9.000	0.003
9.010	0.004
9.020	0.004
9.030	0.004
9.040	0.004
9.050	0.003
9.060	0.002
9.070	0.000
9.080	-0.002
9.090	-0.004
9.100	-0.004
9.110	-0.004
9.120	-0.003
9.130	-0.002
9.140	-0.002
9.150	-0.001
9.160	0.001
9.170	0.002
9.180	0.003
9.190	0.003
9.200	0.003
9.210	0.002
9.220	0.001
9.230	-0.000
9.240	-0.001
9.250	-0.001
9.260	-0.001
9.270	-0.001
9.280	-0.001
9.290	0.000
9.300	0.000
9.310	-0.000
9.320	-0.001
9.330	-0.002
9.340	-0.003
9.350	-0.003
9.360	-0.001
9.370	0.001
9.380	0.003
9.390	0.005
9.400	0.006
9.410	0.006
9.420	0.005
9.430	0.003
9.440	0.002
9.450	0.001
9.460	0.001
9.470	0.001
9.480	-0.000
9.490	-0.001
9.500	-0.003
9.510	-0.004
9.520	-0.004
9.530	-0.003
9.540	-0.003
9.550	-0.003
9.560	-0.002
9.570	-0.001
9.580	0.000
9.590	0.001
9.600	0.001
9.610	0.002
9.620	0.001
9.630	0.002
9.640	0.003
9.650	0.003
9.660	0.003
9.670	0.004
9.680	0.004
9.690	0.004
9.700	0.003
9.710	0.002
9.720	0.001
9.730	0.000
9.740	0.001
9.750	0.002
9.760	0.003
9.770	0.002
9.780	0.001
9.790	-0.000
9.800	-0.001
9.810	-0.000
9.820	-0.000
9.830	0.000
9.840	0.001
9.850	0.002
9.860	0.001
9.870	0.001
9.880	0.000
9.890	-0.000
9.900	0.000
9.910	0.001
9.920	0.002
9.930	0.003
9.940	0.003
9.950	0.001
9.960	-0.001
9.970	-0.003
9.980	-0.003
9.990	-0.004
10.000	-0.003
10.010	-0.003
10.020	-0.002
10.030	-0.001
10.040	-0.001
10.050	-0.000
10.060	0.001
10.070	0.001
10.080	0.002
10.090	0.003
10.100	0.003
10.110	0.002
10.120	0.001
10.130	-0.000
10.140	-0.002
10.150	-0.003
10.160	-0.003
10.170	-0.003
10.180	-0.003
10.190	-0.002
10.200	-0.001
10.210	0.000
10.220	0.000
10.230	0.000
10.240	-0.000
10.250	-0.000
10.260	0.000
10.270	0.001
10.280	0.001
10.290	0.001
10.300	0.001
10.310	0.002
10.320	0.002
10.330	0.002
10.340	0.001
10.350	-0.001
10.360	-0.001
10.370	-0.001
10.380	0.002
10.390	0.004
10.400	0.005
10.410	0.005
10.420	0.005
10.430	0.005
10.440	0.004
10.450	0.004
10.460	0.004
10.470	0.005
10.480	0.006
10.490	0.006
10.500	0.004
10.510	0.002
10.520	-0.001
10.530	-0.002
10.540	-0.002
10.550	-0.001
10.560	0.001
10.570	0.001
10.580	0.001
10.590	0.000
10.600	-0.001
10.610	-0.002
10.620	-0.002
10.630	0.000
10.640	0.002
10.650	0.002
10.660	0.001
10.670	-0.000
10.680	-0.002
10.690	-0.002
10.700	-0.001
10.710	0.001
10.720	0.003
10.730	0.005
10.740	0.004
10.750	0.003
10.760	0.002
10.770	0.000
10.780	-0.001
10.790	-0.002
10.800	-0.003
10.810	-0.005
10.820	-0.005
10.830	-0.004
10.840	-0.003
10.850	-0.002
10.860	-0.002
10.870	-0.003
10.880	-0.006
10.890	-0.007
10.900	-0.006
10.910	-0.005
10.920	-0.005
10.930	-0.004
10.940	-0.005
10.950	-0.007
10.960	-0.007
10.970	-0.006
10.980	-0.003
10.990	0.000
11.000	0.002
11.010	0.002
11.020	0.001
11.030	0.001
11.040	0.000
11.050	0.001
11.060	0.001
11.070	0.002
11.080	0.001
11.090	0.001
11.100	0.000
11.110	0.000
11.120	0.001
11.130	0.001
11.140	0.002
11.150	0.002
11.160	0.001
11.170	-0.000
11.180	0.000
11.190	0.002
11.200	0.004
11.210	0.004
11.220	0.004
11.230	0.002
11.240	0.001
11.250	-0.000
11.260	-0.000
11.270	0.001
11.280	0.001
11.290	0.001
11.300	-0.000
11.310	-0.001
11.320	-0.002
11.330	-0.001
11.340	0.000
11.350	0.001
11.360	0.000
11.370	-0.001
11.380	-0.002
11.390	-0.002
11.400	-0.000
11.410	0.001
11.420	0.002
11.430	0.004
11.440	0.005
11.450	0.006
11.460	0.005
11.470	0.004
11.480	0.003
11.490	0.003
11.500	0.001
11.510	0.000
11.520	-0.000
11.530	-0.000
11.540	0.000
11.550	0.001
11.560	0.000
11.570	-0.000
11.580	-0.001
11.590	-0.001
11.600	-0.001
11.610	0.001
11.620	0.002
11.630	0.001
11.640	-0.000
11.650	-0.003
11.660	-0.004
11.670	-0.005
11.680	-0.004
11.690	-0.004
11.700	-0.003
11.710	-0.001
11.720	-0.002
11.730	-0.003
11.740	-0.006
11.750	-0.008
11.760	-0.007
11.770	-0.006
11.780	-0.006
11.790	-0.006
11.800	-0.006
11.810	-0.006
11.820	-0.006
11.830	-0.006
11.840	-0.006
11.850	-0.004
11.860	-0.002
11.870	0.001
11.880	0.004
11.890	0.004
11.900	0.003
11.910	0.002
11.920	0.001
11.930	-0.001
11.940	-0.003
11.950	-0.005
11.960	-0.005
11.970	-0.004
11.980	-0.003
11.990	-0.002
12.000	-0.002
12.010	-0.002
12.020	-0.002
12.030	-0.000
12.040	0.001
12.050	0.003
12.060	0.004
12.070	0.005
12.080	0.005
12.090	0.004
12.100	0.003
12.110	0.002
12.120	0.000
12.130	-0.001
12.140	-0.001
12.150	-0.000
12.160	0.000
12.170	0.001
12.180	0.001
12.190	0.001
12.200	0.001
12.210	0.001
12.220	0.000
12.230	-0.000
12.240	-0.002
12.250	-0.004
12.260	-0.004
12.270	-0.004
12.280	-0.002
12.290	-0.001
12.300	0.001
12.310	0.001
12.320	0.001
12.330	0.001
12.340	0.001
12.350	0.002
12.360	0.003
12.370	0.003
12.380	0.003
12.390	0.002
12.400	0.001
12.410	0.002
12.420	0.003
12.430	0.004
12.440	0.005
12.450	0.006
12.460	0.006
12.470	0.006
12.480	0.006
12.490	0.005
12.500	0.003
12.510	-0.000
12.520	-0.003
12.530	-0.005
12.540	-0.006
12.550	-0.005
12.560	-0.004
12.570	-0.004
12.580	-0.005
12.590	-0.007
12.600	-0.007
12.610	-0.007
12.620	-0.007
12.630	-0.007
12.640	-0.007
12.650	-0.007
12.660	-0.007
12.670	-0.006
12.680	-0.005
12.690	-0.004
12.700	-0.002
12.710	-0.001
12.720	0.001
12.730	0.002
12.740	0.002
12.750	0.002
12.760	0.001
12.770	0.003
12.780	0.005
12.790	0.009
12.800	0.011
12.810	0.010
12.820	0.008
12.830	0.006
12.840	0.005
12.850	0.004
12.860	0.003
12.870	0.002
12.880	0.001
12.890	0.001
12.900	0.001
12.910	0.001
12.920	-0.001
12.930	-0.002
12.940	-0.002
12.950	-0.002
12.960	-0.002
12.970	-0.003
12.980	-0.004
12.990	-0.004
13.000	-0.003
13.010	-0.004
13.020	-0.005
13.030	-0.005
13.040	-0.003
13.050	-0.001
13.060	0.002
13.070	0.003
13.080	0.003
13.090	0.003
13.100	0.003
13.110	0.002
13.120	0.001
13.130	-0.001
13.140	-0.001
13.150	0.001
13.160	0.003
13.170	0.004
13.180	0.004
13.190	0.004
13.200	0.004
13.210	0.003
13.220	0.003
13.230	0.003
13.240	0.003
13.250	0.002
13.260	0.001
13.270	0.001
13.280	0.001
13.290	0.001
13.300	0.000
13.310	-0.001
13.320	-0.002
13.330	-0.003
13.340	-0.004
13.350	-0.006
13.360	-0.006
13.370	-0.004
13.380	-0.003
13.390	-0.002
13.400	-0.001
13.410	-0.001
13.420	0.001
13.430	0.002
13.440	0.002
13.450	0.001
13.460	0.001
13.470	0.001
13.480	0.002
13.490	0.002
13.500	0.002
13.510	0.003
13.520	0.004
13.530	0.004
13.540	0.002
13.550	0.000
13.560	-0.002
13.570	-0.003
13.580	-0.003
13.590	-0.003
13.600	-0.004
13.610	-0.005
13.620	-0.006
13.630	-0.006
13.640	-0.005
13.650	-0.004
13.660	-0.004
13.670	-0.004
13.680	-0.003
13.690	-0.001
13.700	0.000
13.710	0.001
13.720	0.001
13.730	0.004
13.740	0.006
13.750	0.007
13.760	0.008
13.770	0.006
13.780	0.003
13.790	-0.001
13.800	-0.003
13.810	-0.004
13.820	-0.005
13.830	-0.005
13.840	-0.006
13.850	-0.005
13.860	-0.002
13.870	0.001
13.880	0.003
13.890	0.002
13.900	0.000
13.910	-0.002
13.920	-0.005
13.930	-0.007
13.940	-0.007
13.950	-0.005
13.960	-0.004
13.970	-0.004
13.980	-0.003
13.990	-0.002
14.000	-0.001
14.010	0.001
14.020	0.002
14.030	0.002
14.040	0.002
14.050	0.000
14.060	-0.001
14.070	-0.001
14.080	0.000
14.090	0.002
14.100	0.002
14.110	0.002
14.120	0.002
14.130	0.002
14.140	-0.001
14.150	-0.005
14.160	-0.006
14.170	-0.004
14.180	-0.002
14.190	-0.000
14.200	-0.000
14.210	-0.000
14.220	0.001
14.230	0.001
14.240	-0.000
14.250	-0.002
14.260	-0.001
14.270	0.001
14.280	0.005
14.290	0.007
14.300	0.005
14.310	0.003
14.320	0.001
14.330	0.001
14.340	0.001
14.350	0.001
14.360	-0.000
14.370	0.001
14.380	0.002
14.390	0.003
14.400	0.003
14.410	0.005
14.420	0.006
14.430	0.006
14.440	0.005
14.450	0.004
14.460	0.004
14.470	0.005
14.480	0.005
14.490	0.004
14.500	0.002
14.510	0.001
14.520	-0.001
14.530	-0.002
14.540	-0.004
14.550	-0.004
14.560	-0.001
14.570	0.004
14.580	0.008
14.590	0.009
14.600	0.009
14.610	0.008
14.620	0.004
14.630	0.000
14.640	-0.002
14.650	-0.000
14.660	0.002
14.670	0.002
14.680	-0.001
14.690	-0.005
14.700	-0.007
14.710	-0.005
14.720	-0.005
14.730	-0.007
14.740	-0.010
14.750	-0.009
14.760	-0.005
14.770	-0.001
14.780	0.004
14.790	0.006
14.800	0.006
14.810	0.004
14.820	0.002
14.830	-0.002
14.840	-0.004
14.850	-0.005
14.860	-0.002
14.870	0.003
14.880	0.008
14.890	0.011
14.900	0.012
14.910	0.010
14.920	0.007
14.930	0.004
14.940	0.004
14.950	0.005
14.960	0.005
14.970	0.002
14.980	0.000
14.990	-0.000
15.000	-0.002
15.010	-0.005
15.020	-0.007
15.030	-0.008
15.040	-0.005
15.050	-0.001
15.060	0.001
15.070	0.000
15.080	-0.001
15.090	-0.001
15.100	0.000
15.110	0.002
15.120	0.002
15.130	0.002
15.140	-0.000
15.150	-0.001
15.160	-0.002
15.170	-0.003
15.180	-0.003
15.190	-0.004
15.200	-0.005
15.210	-0.005
15.220	-0.003
15.230	-0.001
15.240	0.001
15.250	0.002
15.260	0.001
15.270	-0.001
15.280	-0.004
15.290	-0.007
15.300	-0.005
15.310	-0.001
15.320	0.002
15.330	0.005
15.340	0.007
15.350	0.008
15.360	0.006
15.370	0.002
15.380	-0.001
15.390	-0.000
15.400	0.002
15.410	0.004
15.420	0.004
15.430	0.003
15.440	0.001
15.450	-0.000
15.460	-0.001
15.470	-0.002
15.480	-0.002
15.490	-0.001
15.500	-0.002
15.510	-0.005
15.520	-0.009
15.530	-0.011
15.540	-0.011
15.550	-0.008
15.560	-0.005
15.570	0.001
15.580	0.005
15.590	0.006
15.600	0.006
15.610	0.007
15.620	0.007
15.630	0.003
15.640	-0.002
15.650	-0.003
15.660	-0.001
15.670	0.003
15.680	0.006
15.690	0.007
15.700	0.003
15.710	-0.000
15.720	-0.001
15.730	-0.000
15.740	-0.001
15.750	-0.006
15.760	-0.007
15.770	-0.005
15.780	-0.001
15.790	0.000
15.800	-0.003
15.810	-0.005
15.820	-0.003
15.830	0.001
15.840	0.003
15.850	0.003
15.860	0.005
15.870	0.006
15.880	0.004
15.890	0.001
15.900	-0.002
15.910	-0.004
15.920	-0.004
15.930	-0.003
15.940	-0.002
15.950	-0.005
15.960	-0.008
15.970	-0.008
15.980	-0.006
15.990	-0.005
16.000	-0.003
16.010	-0.002
16.020	-0.001
16.030	0.002
16.040	0.003
16.050	0.003
16.060	-0.000
16.070	-0.004
16.080	-0.008
16.090	-0.015
16.100	-0.018
16.110	-0.012
16.120	-0.004
16.130	0.002
16.140	0.004
16.150	0.007
16.160	0.011
16.170	0.013
16.180	0.012
16.190	0.009
16.200	0.004
16.210	0.000
16.220	-0.004
16.230	-0.010
16.240	-0.015
16.250	-0.019
16.260	-0.019
16.270	-0.017
16.280	-0.016
16.290	-0.013
16.300	-0.004
16.310	0.005
16.320	0.010
16.330	0.010
16.340	0.007
16.350	0.006
16.360	0.006
16.370	0.003
16.380	-0.004
16.390	-0.006
16.400	-0.002
16.410	0.004
16.420	0.006
16.430	0.001
16.440	-0.006
16.450	-0.009
16.460	-0.006
16.470	-0.002
16.480	0.002
16.490	0.004
16.500	0.004
16.510	0.005
16.520	0.008
16.530	0.008
16.540	0.005
16.550	0.004
16.560	0.008
16.570	0.014
16.580	0.015
16.590	0.012
16.600	0.009
16.610	0.008
16.620	0.006
16.630	0.002
16.640	-0.001
16.650	0.001
16.660	0.003
16.670	0.006
16.680	0.006
16.690	0.001
16.700	-0.003
16.710	-0.003
16.720	-0.003
16.730	-0.006
16.740	-0.006
16.750	-0.003
16.760	-0.004
16.770	-0.011
16.780	-0.018
16.790	-0.024
16.800	-0.024
16.810	-0.014
16.820	-0.001
16.830	0.006
16.840	0.003
16.850	-0.002
16.860	-0.006
16.870	-0.006
16.880	-0.001
16.890	0.005
16.900	0.008
16.910	0.010
16.920	0.015
16.930	0.020
16.940	0.023
16.950	0.022
16.960	0.015
16.970	0.007
16.980	0.003
16.990	0.001
17.000	-0.000
17.010	-0.001
17.020	0.000
17.030	0.000
17.040	-0.006
17.050	-0.011
17.060	-0.011
17.070	-0.007
17.080	-0.003
17.090	-0.001
17.100	-0.001
17.110	0.000
17.120	0.001
17.130	0.000
17.140	-0.005
17.150	-0.011
17.160	-0.012
17.170	-0.008
17.180	-0.003
17.190	-0.003
17.200	-0.006
17.210	-0.004
17.220	0.001
17.230	0.001
17.240	-0.002
17.250	-0.003
17.260	0.001
17.270	0.005
17.280	0.008
17.290	0.009
17.300	0.007
17.310	0.006
17.320	0.007
17.330	0.008
17.340	0.003
17.350	-0.007
17.360	-0.015
17.370	-0.019
17.380	-0.015
17.390	-0.010
17.400	-0.005
17.410	0.003
17.420	0.009
17.430	0.011
17.440	0.006
17.450	0.001
17.460	-0.000
17.470	-0.000
17.480	0.001
17.490	0.002
17.500	0.005
17.510	0.004
17.520	-0.002
17.530	-0.007
17.540	-0.012
17.550	-0.016
17.560	-0.019
17.570	-0.020
17.580	-0.020
17.590	-0.017
17.600	-0.009
17.610	0.001
17.620	0.007
17.630	0.007
17.640	0.004
17.650	0.005
17.660	0.010
17.670	0.010
17.680	0.006
17.690	0.002
17.700	0.002
17.710	0.004
17.720	0.003
17.730	0.003
17.740	0.006
17.750	0.008
17.760	0.013
17.770	0.015
17.780	0.013
17.790	0.007
17.800	0.002
17.810	-0.002
17.820	-0.008
17.830	-0.012
17.840	-0.015
17.850	-0.011
17.860	-0.005
17.870	-0.002
17.880	-0.008
17.890	-0.014
17.900	-0.007
17.910	0.006
17.920	0.009
17.930	0.005
17.940	0.001
17.950	-0.003
17.960	-0.004
17.970	-0.001
17.980	0.005
17.990	0.004
18.000	-0.001
18.010	-0.002
18.020	0.006
18.030	0.014
18.040	0.011
18.050	0.006
18.060	0.003
18.070	0.002
18.080	-0.002
18.090	0.002
18.100	0.008
18.110	0.009
18.120	0.006
18.130	0.003
18.140	0.003
18.150	0.004
18.160	0.003
18.170	-0.004
18.180	-0.002
18.190	0.003
18.200	0.010
18.210	0.014
18.220	0.012
18.230	0.014
18.240	0.012
18.250	0.005
18.260	0.002
18.270	0.007
18.280	0.010
18.290	0.005
18.300	-0.005
18.310	-0.018
18.320	-0.023
18.330	-0.017
18.340	-0.012
18.350	-0.015
18.360	-0.012
18.370	0.003
18.380	0.011
18.390	0.010
18.400	0.008
18.410	0.004
18.420	0.003
18.430	0.000
18.440	-0.000
18.450	-0.008
18.460	-0.012
18.470	-0.001
18.480	0.013
18.490	0.016
18.500	0.009
18.510	0.008
18.520	0.008
18.530	0.009
18.540	0.006
18.550	-0.003
18.560	-0.009
18.570	-0.002
18.580	0.009
18.590	0.008
18.600	-0.001
18.610	-0.007
18.620	-0.004
18.630	0.005
18.640	0.011
18.650	0.016
18.660	0.013
18.670	0.014
18.680	0.016
18.690	0.009
18.700	0.002
18.710	-0.005
18.720	-0.009
18.730	-0.011
18.740	-0.012
18.750	-0.015
18.760	-0.017
18.770	-0.014
18.780	-0.007
18.790	0.002
18.800	0.008
18.810	0.004
18.820	-0.004
18.830	-0.007
18.840	-0.001
18.850	0.002
18.860	-0.006
18.870	-0.015
18.880	-0.007
18.890	-0.000
18.900	-0.005
18.910	-0.004
18.920	0.007
18.930	0.016
18.940	0.012
18.950	-0.000
18.960	-0.010
18.970	-0.005
18.980	0.003
18.990	0.003
19.000	-0.006
19.010	-0.019
19.020	-0.017
19.030	-0.004
19.040	0.009
19.050	0.014
19.060	0.009
19.070	0.000
19.080	0.000
19.090	0.008
19.100	0.003
19.110	-0.002
19.120	-0.003
19.130	-0.002
19.140	-0.003
19.150	-0.008
19.160	-0.010
19.170	-0.003
19.180	0.005
19.190	0.013
19.200	0.012
19.210	0.005
19.220	0.001
19.230	0.002
19.240	0.012
19.250	0.021
19.260	0.027
19.270	0.026
19.280	0.014
19.290	-0.004
19.300	-0.014
19.310	-0.005
19.320	0.003
19.330	0.011
19.340	0.021
19.350	0.020
19.360	0.015
19.370	0.007
19.380	-0.007
19.390	-0.017
19.400	-0.014
19.410	-0.002
19.420	0.007
19.430	0.011
19.440	0.014
19.450	0.010
19.460	0.005
19.470	0.005
19.480	0.004
19.490	-0.006
19.500	-0.022
19.510	-0.027
19.520	-0.023
19.530	-0.019
19.540	-0.021
19.550	-0.029
19.560	-0.039
19.570	-0.042
19.580	-0.033
19.590	-0.021
19.600	-0.019
19.610	-0.021
19.620	-0.014
19.630	-0.003
19.640	0.005
19.650	0.010
19.660	0.007
19.670	-0.004
19.680	-0.006
19.690	0.003
19.700	0.003
19.710	-0.008
19.720	-0.010
19.730	0.008
19.740	0.020
19.750	0.007
19.760	-0.007
19.770	-0.005
19.780	0.003
19.790	0.000
19.800	-0.009
19.810	-0.007
19.820	0.005
19.830	0.009
19.840	0.003
19.850	0.001
19.860	0.004
19.870	0.001
19.880	-0.011
19.890	-0.021
19.900	-0.019
19.910	-0.010
19.920	-0.005
19.930	-0.004
19.940	-0.004
19.950	-0.008
19.960	-0.020
19.970	-0.030
19.980	-0.024
19.990	-0.010
20.000	-0.005
20.010	-0.009
20.020	-0.008
20.030	-0.006
20.040	-0.012
20.050	-0.018
20.060	-0.024
20.070	-0.036
20.080	-0.040
20.090	-0.021
20.100	0.007
20.110	0.016
20.120	0.014
20.130	0.021
20.140	0.030
20.150	0.038
20.160	0.039
20.170	0.028
20.180	0.017
20.190	0.016
20.200	0.025
20.210	0.023
20.220	0.014
20.230	0.015
20.240	0.015
20.250	0.004
20.260	-0.001
20.270	0.015
20.280	0.039
20.290	0.043
20.300	0.036
20.310	0.026
20.320	0.013
20.330	0.015
20.340	0.029
20.350	0.029
20.360	0.015
20.370	0.009
20.380	0.009
20.390	0.008
20.400	-0.005
20.410	-0.022
20.420	-0.028
20.430	-0.015
20.440	-0.000
20.450	0.003
20.460	-0.007
20.470	-0.024
20.480	-0.030
20.490	-0.013
20.500	0.010
20.510	0.016
20.520	0.003
20.530	-0.005
20.540	0.008
20.550	0.028
20.560	0.027
20.570	-0.001
20.580	-0.018
20.590	0.000
20.600	0.020
20.610	0.020
20.620	0.012
20.630	0.008
20.640	0.009
20.650	0.012
20.660	0.019
20.670	0.023
20.680	0.023
20.690	0.020
20.700	0.017
20.710	0.013
20.720	0.017
20.730	0.024
20.740	0.029
20.750	0.035
20.760	0.037
20.770	0.029
20.780	0.011
20.790	-0.002
20.800	0.002
20.810	-0.004
20.820	-0.021
20.830	-0.030
20.840	-0.019
20.850	0.005
20.860	0.012
20.870	-0.002
20.880	0.007
20.890	0.020
20.900	0.016
20.910	-0.003
20.920	-0.010
20.930	0.005
20.940	0.013
20.950	0.006
20.960	-0.008
20.970	-0.020
20.980	-0.031
20.990	-0.042
21.000	-0.057
21.010	-0.059
21.020	-0.042
21.030	-0.026
21.040	-0.005
21.050	0.003
21.060	-0.008
21.070	-0.004
21.080	0.017
21.090	0.032
21.100	0.024
21.110	0.001
21.120	-0.008
21.130	0.001
21.140	0.014
21.150	0.018
21.160	0.010
21.170	-0.002
21.180	-0.004
21.190	0.002
21.200	0.002
21.210	-0.003
21.220	-0.010
21.230	-0.015
21.240	-0.014
21.250	0.000
21.260	-0.005
21.270	-0.032
21.280	-0.026
21.290	0.004
21.300	0.022
21.310	0.012
21.320	-0.002
21.330	0.003
21.340	0.006
21.350	-0.001
21.360	-0.019
21.370	-0.020
21.380	-0.013
21.390	-0.007
21.400	0.005
21.410	0.022
21.420	0.023
21.430	0.006
21.440	-0.006
21.450	-0.007
21.460	0.000
21.470	0.004
21.480	0.008
21.490	0.012
21.500	0.009
21.510	0.012
21.520	0.018
21.530	0.018
21.540	0.008
21.550	-0.005
21.560	-0.015
21.570	-0.024
21.580	-0.024
21.590	-0.025
21.600	-0.031
21.610	-0.045
21.620	-0.036
21.630	-0.016
21.640	-0.009
21.650	-0.011
21.660	-0.012
21.670	-0.007
21.680	-0.002
21.690	-0.003
21.700	-0.004
21.710	0.000
21.720	-0.005
21.730	-0.019
21.740	-0.011
21.750	-0.002
21.760	-0.007
21.770	-0.009
21.780	-0.011
21.790	-0.010
21.800	-0.007
21.810	-0.004
21.820	-0.003
21.830	-0.007
21.840	-0.001
21.850	0.010
21.860	0.012
21.870	0.010
21.880	0.006
21.890	0.003
21.900	0.003
21.910	0.003
21.920	0.009
21.930	0.011
21.940	0.011
21.950	0.013
21.960	0.021
21.970	0.016
21.980	-0.000
21.990	-0.008
22.000	0.000
22.010	0.009
22.020	0.007
22.030	0.003
22.040	-0.000
22.050	-0.011
22.060	-0.017
22.070	-0.002
22.080	0.012
22.090	0.010
22.100	0.005
22.110	0.009
22.120	0.015
22.130	0.015
22.140	0.013
22.150	0.012
22.160	0.003
22.170	-0.005
22.180	-0.008
22.190	-0.012
22.200	-0.011
22.210	-0.006
22.220	-0.006
22.230	-0.005
22.240	0.008
22.250	0.018
22.260	0.019
22.270	0.022
22.280	0.032
22.290	0.036
22.300	0.029
22.310	0.023
22.320	0.021
22.330	0.016
22.340	0.008
22.350	0.006
22.360	0.016
22.370	0.026
22.380	0.021
22.390	0.007
22.400	-0.006
22.410	-0.018
22.420	-0.018
22.430	-0.008
22.440	0.002
22.450	0.006
22.460	0.002
22.470	0.001
22.480	0.010
22.490	0.015
22.500	0.002
22.510	-0.018
22.520	-0.017
22.530	0.000
22.540	0.006
22.550	-0.000
22.560	0.001
22.570	0.008
22.580	0.007
22.590	0.001
22.600	0.005
22.610	0.020
22.620	0.025
22.630	0.019
22.640	0.011
22.650	0.008
22.660	0.004
22.670	-0.003
22.680	-0.006
22.690	-0.011
22.700	-0.004
22.710	0.001
22.720	0.001
22.730	0.012
22.740	0.026
22.750	0.028
22.760	0.023
22.770	0.015
22.780	0.012
22.790	0.016
22.800	0.020
22.810	0.012
22.820	-0.000
22.830	-0.005
22.840	-0.009
22.850	-0.017
22.860	-0.020
22.870	-0.009
22.880	-0.009
22.890	-0.007
22.900	0.017
22.910	0.035
22.920	0.030
22.930	0.024
22.940	0.016
22.950	0.008
22.960	0.001
22.970	0.009
22.980	0.026
22.990	0.044
23.000	0.045
23.010	0.025
23.020	0.011
23.030	0.002
23.040	-0.008
23.050	-0.000
23.060	0.014
23.070	0.013
23.080	0.010
23.090	0.021
23.100	0.019
23.110	0.011
23.120	0.004
23.130	-0.007
23.140	-0.003
23.150	0.001
23.160	-0.001
23.170	-0.005
23.180	-0.000
23.190	0.006
23.200	0.002
23.210	-0.000
23.220	-0.005
23.230	-0.012
23.240	-0.020
23.250	-0.025
23.260	-0.032
23.270	-0.037
23.280	-0.029
23.290	-0.012
23.300	-0.006
23.310	0.001
23.320	0.008
23.330	0.003
23.340	-0.002
23.350	0.001
23.360	-0.001
23.370	-0.012
23.380	-0.022
23.390	-0.021
23.400	-0.010
23.410	-0.003
23.420	0.004
23.430	0.006
23.440	0.000
23.450	0.005
23.460	0.012
23.470	0.013
23.480	0.012
23.490	0.016
23.500	0.025
23.510	0.028
23.520	0.028
23.530	0.006
23.540	-0.026
23.550	-0.017
23.560	-0.003
23.570	-0.012
23.580	-0.013
23.590	-0.000
23.600	0.016
23.610	0.018
23.620	0.011
23.630	0.005
23.640	0.015
23.650	0.027
23.660	0.033
23.670	0.033
23.680	0.021
23.690	0.004
23.700	-0.014
23.710	-0.035
23.720	-0.047
23.730	-0.050
23.740	-0.039
23.750	-0.016
23.760	-0.029
23.770	-0.025
23.780	0.014
23.790	0.030
23.800	0.022
23.810	0.010
23.820	-0.005
23.830	-0.015
23.840	-0.017
23.850	-0.009
23.860	0.003
23.870	0.005
23.880	0.009
23.890	0.007
23.900	-0.007
23.910	-0.036
23.920	-0.048
23.930	-0.027
23.940	-0.012
23.950	-0.015
23.960	0.003
23.970	0.021
23.980	0.008
23.990	-0.002
24.000	-0.037
24.010	-0.051
24.020	-0.044
24.030	-0.032
24.040	-0.016
24.050	0.005
24.060	0.013
24.070	0.013
24.080	0.015
24.090	0.008
24.100	-0.006
24.110	-0.016
24.120	-0.003
24.130	0.019
24.140	0.026
24.150	0.020
24.160	-0.005
24.170	-0.033
24.180	-0.054
24.190	-0.065
24.200	-0.067
24.210	-0.058
24.220	-0.039
24.230	-0.008
24.240	-0.003
24.250	-0.006
24.260	-0.010
24.270	-0.007
24.280	0.001
24.290	-0.007
24.300	-0.018
24.310	-0.022
24.320	-0.013
24.330	-0.008
24.340	-0.016
24.350	-0.029
24.360	-0.035
24.370	-0.031
24.380	-0.029
24.390	-0.043
24.400	-0.062
24.410	-0.041
24.420	-0.004
24.430	0.016
24.440	0.038
24.450	0.017
24.460	-0.009
24.470	0.005
24.480	0.011
24.490	0.018
24.500	0.022
24.510	0.042
24.520	0.040
24.530	0.019
24.540	-0.005
24.550	-0.034
24.560	-0.057
24.570	-0.017
24.580	-0.006
24.590	-0.018
24.600	0.024
24.610	0.044
24.620	0.045
24.630	0.020
24.640	0.023
24.650	0.026
24.660	0.013
24.670	-0.006
24.680	-0.028
24.690	-0.008
24.700	0.031
24.710	0.046
24.720	0.014
24.730	-0.006
24.740	-0.031
24.750	-0.076
24.760	-0.080
24.770	-0.066
24.780	-0.051
24.790	-0.042
24.800	-0.007
24.810	0.021
24.820	0.005
24.830	-0.010
24.840	-0.007
24.850	-0.007
24.860	-0.018
24.870	-0.036
24.880	-0.013
24.890	0.017
24.900	0.039
24.910	0.030
24.920	0.037
24.930	0.028
24.940	0.017
24.950	0.023
24.960	0.003
24.970	-0.031
24.980	-0.042
24.990	-0.038
25.000	-0.053
25.010	-0.035
25.020	-0.000
25.030	0.010
25.040	0.014
25.050	-0.015
25.060	-0.016
25.070	0.037
25.080	0.033
25.090	0.028
25.100	0.025
25.110	0.015
25.120	0.018
25.130	0.026
25.140	0.024
25.150	0.018
25.160	0.018
25.170	0.005
25.180	-0.004
25.190	-0.018
25.200	-0.009
25.210	0.021
25.220	0.022
25.230	-0.028
25.240	-0.077
25.250	-0.043
25.260	0.021
25.270	0.036
25.280	0.027
25.290	0.035
25.300	-0.001
25.310	-0.028
25.320	-0.005
25.330	0.020
25.340	0.009
25.350	0.004
25.360	0.005
25.370	-0.004
25.380	0.013
25.390	0.028
25.400	0.022
25.410	0.022
25.420	0.026
25.430	0.005
25.440	0.000
25.450	-0.033
25.460	-0.038
25.470	-0.034
25.480	-0.034
25.490	-0.011
25.500	0.014
25.510	0.030
25.520	0.030
25.530	0.038
25.540	0.038
25.550	0.012
25.560	-0.022
25.570	-0.010
25.580	0.015
25.590	0.011
25.600	0.001
25.610	0.020
25.620	0.022
25.630	0.018
25.640	0.009
25.650	0.013
25.660	0.016
25.670	0.026
25.680	0.024
25.690	0.004
25.700	-0.016
25.710	-0.015
25.720	-0.015
25.730	-0.023
25.740	-0.008
25.750	-0.047
25.760	-0.061
25.770	-0.019
25.780	-0.002
25.790	-0.000
25.800	0.018
25.810	-0.001
25.820	-0.008
25.830	-0.018
25.840	-0.037
25.850	-0.026
25.860	-0.021
25.870	-0.014
25.880	0.001
25.890	0.021
25.900	0.036
25.910	0.026
25.920	0.008
25.930	0.003
25.940	-0.047
25.950	-0.064
25.960	-0.052
25.970	-0.023
25.980	0.022
25.990	0.002
26.000	-0.015
26.010	0.009
26.020	0.021
26.030	0.007
26.040	0.006
26.050	-0.005
26.060	0.012
26.070	-0.016
26.080	-0.047
26.090	-0.016
26.100	-0.024
26.110	-0.030
26.120	-0.028
26.130	-0.001
26.140	-0.017
26.150	-0.042
26.160	-0.057
26.170	-0.057
26.180	-0.074
26.190	-0.069
26.200	-0.068
26.210	-0.048
26.220	-0.013
26.230	-0.034
26.240	-0.051
26.250	-0.030
26.260	-0.033
26.270	-0.040
26.280	-0.027
26.290	-0.015
26.300	0.015
26.310	0.002
26.320	-0.015
26.330	0.023
26.340	0.039
26.350	0.037
26.360	0.023
26.370	0.019
26.380	0.013
26.390	0.003
26.400	-0.004
26.410	-0.027
26.420	-0.042
26.430	-0.048
26.440	-0.027
26.450	-0.005
26.460	-0.023
26.470	-0.028
26.480	0.024
26.490	0.039
26.500	0.012
26.510	0.017
26.520	0.025
26.530	0.011
26.540	-0.009
26.550	-0.031
26.560	-0.026
26.570	0.004
26.580	0.024
26.590	0.026
26.600	0.009
26.610	-0.011
26.620	-0.028
26.630	-0.037
26.640	-0.048
26.650	-0.052
26.660	-0.029
26.670	0.013
26.680	0.032
26.690	0.037
26.700	0.037
26.710	0.031
26.720	0.004
26.730	-0.004
26.740	0.001
26.750	0.009
26.760	0.028
26.770	0.030
26.780	0.039
26.790	0.036
26.800	0.049
26.810	0.068
26.820	0.059
26.830	0.026
26.840	-0.002
26.850	-0.013
26.860	-0.010
26.870	-0.013
26.880	-0.025
26.890	-0.029
26.900	-0.018
26.910	-0.006
26.920	-0.014
26.930	-0.027
26.940	-0.023
26.950	-0.017
26.960	-0.007
26.970	-0.006
26.980	-0.008
26.990	-0.006
27.000	-0.001
27.010	-0.003
27.020	-0.001
27.030	0.009
27.040	0.006
27.050	-0.012
27.060	-0.021
27.070	-0.023
27.080	-0.020
27.090	-0.019
27.100	-0.016
27.110	-0.018
27.120	-0.019
27.130	-0.016
27.140	-0.003
27.150	0.011
27.160	0.000
27.170	-0.013
27.180	-0.008
27.190	0.005
27.200	0.007
27.210	-0.005
27.220	-0.004
27.230	0.007
27.240	0.014
27.250	0.020
27.260	0.019
27.270	0.011
27.280	0.002
27.290	0.007
27.300	0.020
27.310	0.030
27.320	0.027
27.330	0.020
27.340	0.018
27.350	0.022
27.360	0.016
27.370	0.004
27.380	-0.003
27.390	-0.004
27.400	-0.007
27.410	-0.010
27.420	-0.011
27.430	-0.009
27.440	-0.007
27.450	-0.005
27.460	-0.007
27.470	-0.017
27.480	-0.024
27.490	-0.022
27.500	-0.013
27.510	0.000
27.520	0.013
27.530	0.013
27.540	0.002
27.550	-0.012
27.560	-0.021
27.570	-0.021
27.580	-0.023
27.590	-0.027
27.600	-0.023
27.610	-0.012
27.620	-0.001
27.630	-0.001
27.640	-0.003
27.650	-0.006
27.660	-0.009
27.670	-0.008
27.680	-0.006
27.690	-0.002
27.700	0.001
27.710	0.001
27.720	0.001
27.730	-0.001
27.740	-0.001
27.750	-0.005
27.760	-0.016
27.770	-0.024
27.780	-0.036
27.790	-0.050
27.800	-0.050
27.810	-0.040
27.820	-0.026
27.830	-0.002
27.840	-0.001
27.850	-0.017
27.860	-0.007
27.870	-0.004
27.880	-0.031
27.890	-0.046
27.900	-0.013
27.910	0.012
27.920	0.005
27.930	0.011
27.940	0.019
27.950	0.004
27.960	-0.003
27.970	0.001
27.980	-0.007
27.990	-0.019
28.000	-0.022
28.010	-0.010
28.020	0.018
28.030	0.027
28.040	0.018
28.050	0.015
28.060	0.015
28.070	0.004
28.080	-0.011
28.090	-0.015
28.100	0.000
28.110	0.007
28.120	0.011
28.130	0.015
28.140	0.013
28.150	0.006
28.160	-0.001
28.170	0.006
28.180	0.002
28.190	0.005
28.200	0.021
28.210	0.028
28.220	0.010
28.230	-0.015
28.240	-0.015
28.250	0.011
28.260	-0.005
28.270	-0.049
28.280	-0.052
28.290	-0.018
28.300	0.002
28.310	-0.007
28.320	-0.030
28.330	-0.010
28.340	0.059
28.350	0.073
28.360	-0.008
28.370	-0.065
28.380	-0.062
28.390	-0.019
28.400	0.021
28.410	0.032
28.420	0.005
28.430	-0.018
28.440	-0.029
28.450	-0.015
28.460	0.006
28.470	-0.013
28.480	-0.057
28.490	-0.052
28.500	0.001
28.510	0.032
28.520	-0.002
28.530	-0.041
28.540	-0.003
28.550	0.075
28.560	0.110
28.570	0.053
28.580	-0.024
28.590	-0.024
28.600	0.026
28.610	0.039
28.620	0.006
28.630	-0.005
28.640	0.014
28.650	-0.005
28.660	-0.036
28.670	-0.019
28.680	0.040
28.690	0.047
28.700	0.008
28.710	-0.023
28.720	-0.030
28.730	-0.030
28.740	0.003
28.750	0.027
28.760	0.031
28.770	0.006
28.780	-0.041
28.790	-0.058
28.800	-0.020
28.810	0.046
28.820	0.080
28.830	0.070
28.840	0.025
28.850	-0.013
28.860	-0.023
28.870	-0.031
28.880	-0.032
28.890	-0.033
28.900	-0.052
28.910	-0.069
28.920	-0.042
28.930	0.008
28.940	0.052
28.950	0.087
28.960	0.089
28.970	0.071
28.980	0.057
28.990	0.047
29.000	0.033
29.010	0.020
29.020	0.001
29.030	0.011
29.040	0.041
29.050	0.055
29.060	0.039
29.070	0.007
29.080	0.003
29.090	0.021
29.100	0.017
29.110	0.036
29.120	0.067
29.130	0.094
29.140	0.128
29.150	0.160
29.160	0.174
29.170	0.181
29.180	0.171
29.190	0.165
29.200	0.174
29.210	0.172
29.220	0.167
29.230	0.163
29.240	0.174
29.250	0.175
29.260	0.169
29.270	0.166
29.280	0.151
29.290	0.134
29.300	0.116
29.310	0.081
29.320	0.028
29.330	-0.017
29.340	-0.031
29.350	-0.030
29.360	-0.021
29.370	-0.012
29.380	0.004
29.390	0.028
29.400	0.046
29.410	0.025
29.420	-0.066
29.430	-0.250
29.440	-0.361
29.450	-0.231
29.460	-0.189
29.470	-0.123
29.480	-0.073
29.490	-0.064
29.500	-0.079
29.510	-0.182
29.520	-0.059
29.530	-0.138
29.540	-0.064
29.550	-0.120
29.560	-0.071
29.570	-0.066
29.580	-0.046
29.590	-0.038
29.600	-0.043
29.610	-0.016
29.620	-0.005
29.630	0.012
29.640	-0.014
29.650	-0.009
29.660	0.017
29.670	0.014
29.680	0.012
29.690	0.014
29.700	0.016
29.710	0.009
29.720	-0.006
29.730	-0.024
29.740	-0.070
29.750	-0.108
29.760	-0.063
29.770	0.034
29.780	0.057
29.790	-0.056
29.800	-0.210
29.810	-0.300
29.820	-0.151
29.830	-0.006
29.840	0.121
29.850	0.069
29.860	0.039
29.870	0.012
29.880	0.044
29.890	0.103
29.900	0.078
29.910	0.065
29.920	0.038
29.930	0.013
29.940	-0.014
29.950	-0.010
29.960	-0.012
29.970	-0.003
29.980	0.007
29.990	-0.007
30.000	-0.030
30.010	-0.048
30.020	-0.043
30.030	-0.032
30.040	-0.010
30.050	0.036
30.060	0.046
30.070	0.033
30.080	0.040
30.090	0.047
30.100	0.040
30.110	0.018
30.120	0.000
30.130	0.004
30.140	0.021
30.150	0.056
30.160	0.093
30.170	0.104
30.180	0.092
30.190	0.070
30.200	0.042
30.210	0.038
30.220	0.048
30.230	0.049
30.240	0.025
30.250	0.000
30.260	-0.004
30.270	0.021
30.280	0.029
30.290	0.029
30.300	0.025
30.310	0.032
30.320	0.034
30.330	0.030
30.340	0.020
30.350	0.013
30.360	0.002
30.370	0.010
30.380	0.043
30.390	0.061
30.400	0.038
30.410	0.011
30.420	0.010
30.430	0.012
30.440	0.009
30.450	-0.006
30.460	-0.029
30.470	-0.037
30.480	-0.018
30.490	0.016
30.500	0.053
30.510	0.070
30.520	0.054
30.530	0.023
30.540	0.003
30.550	0.000
30.560	0.012
30.570	0.015
30.580	0.003
30.590	-0.013
30.600	-0.016
30.610	-0.017
30.620	-0.016
30.630	-0.028
30.640	-0.030
30.650	-0.020
30.660	-0.022
30.670	-0.039
30.680	-0.056
30.690	-0.052
30.700	-0.020
30.710	0.005
30.720	-0.005
30.730	-0.043
30.740	-0.032
30.750	0.018
30.760	0.050
30.770	0.025
30.780	-0.001
30.790	-0.004
30.800	0.005
30.810	0.009
30.820	0.014
30.830	0.005
30.840	-0.004
30.850	0.001
30.860	0.008
30.870	0.012
30.880	0.009
30.890	-0.003
30.900	-0.020
30.910	-0.040
30.920	-0.047
30.930	-0.031
30.940	-0.012
30.950	-0.006
30.960	-0.004
30.970	0.005
30.980	0.009
30.990	0.002
31.000	0.002
31.010	0.005
31.020	-0.005
31.030	-0.023
31.040	-0.036
31.050	-0.045
31.060	-0.043
31.070	-0.030
31.080	0.010
31.090	0.024
31.100	0.014
31.110	-0.004
31.120	0.001
31.130	0.012
31.140	-0.000
31.150	-0.014
31.160	-0.029
31.170	-0.022
31.180	-0.012
31.190	-0.012
31.200	-0.006
31.210	-0.013
31.220	-0.013
31.230	-0.012
31.240	-0.007
31.250	-0.016
31.260	-0.018
31.270	-0.042
31.280	-0.052
31.290	-0.014
31.300	-0.013
31.310	-0.014
31.320	-0.002
31.330	0.011
31.340	0.002
31.350	-0.022
31.360	-0.016
31.370	0.013
31.380	0.017
31.390	0.012
31.400	0.001
31.410	0.008
31.420	0.024
31.430	0.036
31.440	0.022
31.450	-0.023
31.460	-0.049
31.470	-0.048
31.480	-0.035
31.490	-0.039
31.500	-0.067
31.510	-0.080
31.520	-0.056
31.530	-0.015
31.540	0.036
31.550	0.015
31.560	0.028
31.570	0.064
31.580	0.064
31.590	0.055
31.600	0.034
31.610	0.029
31.620	0.032
31.630	0.036
31.640	0.054
31.650	0.057
31.660	0.059
31.670	0.053
31.680	0.038
31.690	0.096
31.700	0.103
31.710	0.040
31.720	0.032
31.730	0.026
31.740	0.014
31.750	0.049
31.760	-0.082
31.770	-0.138
31.780	-0.190
31.790	0.045
31.800	0.149
31.810	-0.001
31.820	0.033
31.830	-0.047
31.840	0.060
31.850	0.085
31.860	0.085
31.870	0.071
31.880	0.082
31.890	0.050
31.900	0.036
31.910	0.032
31.920	0.015
31.930	0.032
31.940	0.024
31.950	0.020
31.960	-0.003
31.970	-0.045
31.980	-0.087
31.990	-0.095
32.000	0.062
32.010	-0.020
32.020	-0.049
32.030	-0.028
32.040	-0.007
32.050	0.004
32.060	-0.006
32.070	0.001
32.080	0.003
32.090	0.048
32.100	0.020
32.110	-0.009
32.120	-0.029
32.130	0.013
32.140	0.021
32.150	0.012
32.160	0.010
32.170	0.006
32.180	0.016
32.190	0.006
32.200	-0.007
32.210	-0.031
32.220	-0.046
32.230	-0.038
32.240	-0.003
32.250	0.014
32.260	-0.034
32.270	-0.141
32.280	-0.179
32.290	-0.156
32.300	-0.061
32.310	0.042
32.320	-0.008
32.330	0.029
32.340	0.022
32.350	0.025
32.360	0.032
32.370	0.007
32.380	-0.017
32.390	-0.021
32.400	-0.019
32.410	-0.031
32.420	-0.024
32.430	-0.014
32.440	0.019
32.450	0.029
32.460	0.004
32.470	-0.014
32.480	-0.023
32.490	-0.017
32.500	-0.010
32.510	-0.045
32.520	-0.049
32.530	-0.038
32.540	-0.010
32.550	0.005
32.560	0.013
32.570	0.012
32.580	0.021
32.590	0.018
32.600	0.012
32.610	0.013
32.620	0.012
32.630	-0.024
32.640	-0.054
32.650	-0.055
32.660	-0.025
32.670	0.010
32.680	0.029
32.690	0.010
32.700	-0.008
32.710	0.002
32.720	0.037
32.730	0.071
32.740	0.023
32.750	-0.037
32.760	-0.041
32.770	0.020
32.780	0.074
32.790	0.086
32.800	0.056
32.810	0.073
32.820	0.075
32.830	0.058
32.840	0.028
32.850	0.004
32.860	-0.008
32.870	-0.014
32.880	-0.011
32.890	0.002
32.900	0.014
32.910	0.030
32.920	0.037
32.930	0.019
32.940	-0.002
32.950	-0.009
32.960	-0.007
32.970	-0.012
32.980	-0.021
32.990	-0.019
33.000	-0.011
33.010	0.008
33.020	0.014
33.030	0.017
33.040	0.026
33.050	0.027
33.060	0.021
33.070	0.010
33.080	-0.002
33.090	-0.010
33.100	-0.015
33.110	-0.023
33.120	-0.026
33.130	-0.020
33.140	-0.003
33.150	0.012
33.160	0.021
33.170	0.020
33.180	0.011
33.190	-0.002
33.200	-0.011
33.210	-0.009
33.220	-0.008
33.230	-0.027
33.240	-0.033
33.250	-0.021
33.260	-0.004
33.270	0.005
33.280	0.006
33.290	0.015
33.300	0.024
33.310	0.024
33.320	0.016
33.330	0.012
33.340	0.015
33.350	0.017
33.360	0.021
33.370	0.019
33.380	0.014
33.390	0.024
33.400	0.047
33.410	0.046
33.420	0.036
33.430	0.015
33.440	-0.009
33.450	-0.020
33.460	-0.013
33.470	0.005
33.480	0.011
33.490	-0.049
33.500	-0.151
33.510	-0.074
33.520	0.084
33.530	0.041
33.540	0.021
33.550	0.039
33.560	0.071
33.570	0.076
33.580	0.047
33.590	0.031
33.600	0.031
33.610	0.018
33.620	-0.005
33.630	-0.013
33.640	-0.022
33.650	-0.027
33.660	-0.025
33.670	-0.005
33.680	0.015
33.690	0.028
33.700	0.025
33.710	0.003
33.720	-0.016
33.730	-0.014
33.740	0.000
33.750	0.007
33.760	0.003
33.770	-0.007
33.780	-0.012
33.790	-0.016
33.800	-0.025
33.810	-0.031
33.820	-0.035
33.830	-0.031
33.840	-0.020
33.850	-0.009
33.860	0.001
33.870	-0.002
33.880	-0.008
33.890	-0.009
33.900	-0.011
33.910	-0.011
33.920	-0.015
33.930	-0.018
33.940	-0.024
33.950	-0.025
33.960	-0.020
33.970	-0.016
33.980	-0.014
33.990	-0.011
34.000	-0.008
34.010	-0.003
34.020	-0.002
34.030	0.002
34.040	0.008
34.050	0.011
34.060	0.013
34.070	0.022
34.080	0.035
34.090	0.038
34.100	0.026
34.110	0.011
34.120	0.008
34.130	0.013
34.140	0.008
34.150	-0.005
34.160	-0.013
34.170	-0.014
34.180	-0.013
34.190	-0.016
34.200	-0.023
34.210	-0.027
34.220	-0.027
34.230	-0.017
34.240	-0.007
34.250	0.003
34.260	0.008
34.270	0.017
34.280	0.023
34.290	0.020
34.300	0.009
34.310	-0.001
34.320	-0.009
34.330	-0.008
34.340	-0.002
34.350	0.004
34.360	0.003
34.370	-0.005
34.380	-0.008
34.390	-0.012
34.400	-0.014
34.410	-0.015
34.420	-0.016
34.430	-0.009
34.440	0.009
34.450	0.018
34.460	0.018
34.470	0.017
34.480	0.015
34.490	0.012
34.500	0.006
34.510	-0.004
34.520	-0.012
34.530	-0.015
34.540	-0.007
34.550	0.001
34.560	0.001
34.570	-0.003
34.580	-0.005
34.590	-0.001
34.600	-0.003
34.610	-0.007
34.620	-0.007
34.630	-0.003
34.640	-0.000
34.650	0.001
34.660	-0.001
34.670	-0.001
34.680	-0.003
34.690	-0.006
34.700	-0.009
34.710	-0.015
34.720	-0.027
34.730	-0.032
34.740	-0.031
34.750	-0.028
34.760	-0.029
34.770	-0.024
34.780	-0.017
34.790	-0.012
34.800	-0.008
34.810	0.001
34.820	0.010
34.830	0.013
34.840	0.009
34.850	0.002
34.860	-0.008
34.870	-0.015
34.880	-0.017
34.890	-0.015
34.900	-0.013
34.910	-0.009
34.920	-0.006
34.930	-0.006
34.940	-0.008
34.950	-0.008
34.960	-0.010
34.970	-0.010
34.980	-0.010
34.990	-0.008
35.000	-0.011
35.010	-0.013
35.020	-0.009
35.030	-0.016
35.040	-0.020
35.050	-0.019
35.060	-0.006
35.070	-0.003
35.080	-0.001
35.090	-0.000
35.100	0.004
35.110	0.006
35.120	-0.003
35.130	-0.004
35.140	-0.003
35.150	-0.005
35.160	-0.009
35.170	-0.013
35.180	-0.012
35.190	-0.008
35.200	-0.011
35.210	-0.015
35.220	-0.025
35.230	-0.033
35.240	-0.031
35.250	-0.026
35.260	-0.024
35.270	-0.025
35.280	-0.024
35.290	-0.020
35.300	-0.011
35.310	0.001
35.320	0.003
35.330	0.002
35.340	0.001
35.350	0.002
35.360	0.003
35.370	0.006
35.380	0.007
35.390	0.001
35.400	-0.001
35.410	-0.002
35.420	-0.007
35.430	-0.012
35.440	-0.013
35.450	-0.010
35.460	-0.008
35.470	-0.007
35.480	-0.004
35.490	-0.002
35.500	-0.000
35.510	-0.003
35.520	-0.009
35.530	-0.012
35.540	-0.010
35.550	-0.007
35.560	-0.007
35.570	-0.008
35.580	-0.009
35.590	-0.010
35.600	-0.013
35.610	-0.016
35.620	-0.017
35.630	-0.017
35.640	-0.015
35.650	-0.016
35.660	-0.018
35.670	-0.020
35.680	-0.018
35.690	-0.013
35.700	-0.008
35.710	-0.008
35.720	-0.014
35.730	-0.019
35.740	-0.021
35.750	-0.023
35.760	-0.022
35.770	-0.020
35.780	-0.018
35.790	-0.017
35.800	-0.019
35.810	-0.019
35.820	-0.017
35.830	-0.015
35.840	-0.014
35.850	-0.011
35.860	-0.010
35.870	-0.011
35.880	-0.012
35.890	-0.014
35.900	-0.014
35.910	-0.013
35.920	-0.014
35.930	-0.017
35.940	-0.018
35.950	-0.013
35.960	-0.008
35.970	-0.010
35.980	-0.013
35.990	-0.011
36.000	-0.006
36.010	-0.005
36.020	-0.008
36.030	-0.009
36.040	-0.007
36.050	-0.005
36.060	-0.004
36.070	-0.002
36.080	-0.002
36.090	-0.002
36.100	-0.004
36.110	-0.005
36.120	-0.007
36.130	-0.010
36.140	-0.013
36.150	-0.013
36.160	-0.012
36.170	-0.010
36.180	-0.006
36.190	-0.003
36.200	-0.001
36.210	0.002
36.220	0.004
36.230	0.006
36.240	0.007
36.250	0.009
36.260	0.010
36.270	0.010
36.280	0.008
36.290	0.009
36.300	0.013
36.310	0.016
36.320	0.017
36.330	0.014
36.340	0.010
36.350	0.010
36.360	0.013
36.370	0.018
36.380	0.019
36.390	0.020
36.400	0.022
36.410	0.026
36.420	0.027
36.430	0.026
36.440	0.026
36.450	0.027
36.460	0.026
36.470	0.023
36.480	0.021
36.490	0.020
36.500	0.019
36.510	0.019
36.520	0.018
36.530	0.018
36.540	0.016
36.550	0.015
36.560	0.015
36.570	0.018
36.580	0.021
36.590	0.021
36.600	0.018
36.610	0.015
36.620	0.017
36.630	0.021
36.640	0.023
36.650	0.020
36.660	0.016
36.670	0.018
36.680	0.019
36.690	0.017
36.700	0.014
36.710	0.012
36.720	0.010
36.730	0.009
36.740	0.010
36.750	0.012
36.760	0.014
36.770	0.017
36.780	0.018
36.790	0.017
36.800	0.015
36.810	0.014
36.820	0.014
36.830	0.013
36.840	0.009
36.850	0.008
36.860	0.009
36.870	0.009
36.880	0.008
36.890	0.007
36.900	0.009
36.910	0.010
36.920	0.007
36.930	0.004
36.940	0.002
36.950	0.001
36.960	0.001
36.970	0.001
36.980	0.001
36.990	-0.001
37.000	-0.005
37.010	-0.008
37.020	-0.008
37.030	-0.006
37.040	-0.004
37.050	-0.002
37.060	-0.002
37.070	-0.002
37.080	0.000
37.090	0.003
37.100	0.003
37.110	-0.001
37.120	-0.002
37.130	-0.001
37.140	0.003
37.150	0.005
37.160	0.004
37.170	0.002
37.180	0.001
37.190	0.000
37.200	0.000
37.210	-0.002
37.220	-0.004
37.230	-0.006
37.240	-0.005
37.250	-0.004
37.260	-0.005
37.270	-0.005
37.280	-0.004
37.290	-0.008
37.300	-0.012
37.310	-0.012
37.320	-0.010
37.330	-0.011
37.340	-0.012
37.350	-0.010
37.360	-0.007
37.370	-0.005
37.380	-0.005
37.390	-0.007
37.400	-0.011
37.410	-0.015
37.420	-0.016
37.430	-0.017
37.440	-0.017
37.450	-0.018
37.460	-0.017
37.470	-0.016
37.480	-0.015
37.490	-0.016
37.500	-0.015
37.510	-0.014
37.520	-0.011
37.530	-0.011
37.540	-0.013
37.550	-0.017
37.560	-0.018
37.570	-0.018
37.580	-0.017
37.590	-0.015
37.600	-0.014
37.610	-0.014
37.620	-0.013
37.630	-0.010
37.640	-0.005
37.650	-0.002
37.660	-0.003
37.670	-0.005
37.680	-0.006
37.690	-0.006
37.700	-0.008
37.710	-0.010
37.720	-0.009
37.730	-0.008
37.740	-0.008
37.750	-0.009
37.760	-0.012
37.770	-0.012
37.780	-0.009
37.790	-0.010
37.800	-0.012
37.810	-0.011
37.820	-0.008
37.830	-0.005
37.840	-0.002
37.850	-0.000
37.860	0.001
37.870	0.001
37.880	0.003
37.890	0.004
37.900	0.005
37.910	0.004
37.920	0.001
37.930	0.000
37.940	0.000
37.950	0.002
37.960	0.002
37.970	0.001
37.980	-0.001
37.990	-0.003
38.000	-0.004
38.010	-0.005
38.020	-0.007
38.030	-0.007
38.040	-0.006
38.050	-0.006
38.060	-0.007
38.070	-0.006
38.080	-0.005
38.090	-0.003
38.100	-0.002
38.110	-0.002
38.120	-0.004
38.130	-0.006
38.140	-0.006
38.150	-0.004
38.160	-0.003
38.170	-0.004
38.180	-0.007
38.190	-0.008
38.200	-0.006
38.210	-0.004
38.220	-0.004
38.230	-0.005
38.240	-0.005
38.250	-0.005
38.260	-0.005
38.270	-0.004
38.280	-0.002
38.290	0.001
38.300	0.003
38.310	0.002
38.320	0.000
38.330	0.001
38.340	0.001
38.350	0.002
38.360	0.001
38.370	0.000
38.380	-0.000
38.390	-0.000
38.400	-0.001
38.410	-0.000
38.420	0.001
38.430	0.001
38.440	-0.000
38.450	0.000
38.460	0.001
38.470	0.002
38.480	0.003
38.490	0.003
38.500	0.002
38.510	0.002
38.520	0.002
38.530	0.004
38.540	0.006
38.550	0.008
38.560	0.009
38.570	0.011
38.580	0.013
38.590	0.013
38.600	0.013
38.610	0.015
38.620	0.015
38.630	0.012
38.640	0.010
38.650	0.010
38.660	0.012
38.670	0.012
38.680	0.011
38.690	0.010
38.700	0.010
38.710	0.009
38.720	0.009
38.730	0.010
38.740	0.010
38.750	0.009
38.760	0.007
38.770	0.008
38.780	0.008
38.790	0.008
38.800	0.009
38.810	0.010
38.820	0.010
38.830	0.009
38.840	0.007
38.850	0.006
38.860	0.006
38.870	0.005
38.880	0.004
38.890	0.003
38.900	0.004
38.910	0.006
38.920	0.007
38.930	0.007
38.940	0.006
38.950	0.005
38.960	0.003
38.970	0.000
38.980	-0.001
38.990	-0.001
39.000	-0.000
39.010	-0.002
39.020	-0.004
39.030	-0.003
39.040	-0.002
39.050	-0.002
39.060	-0.003
39.070	-0.003
39.080	-0.004
39.090	-0.004
39.100	-0.003
39.110	-0.002
39.120	-0.002
39.130	-0.002
39.140	-0.002
39.150	-0.001
39.160	-0.001
39.170	-0.002
39.180	-0.004
39.190	-0.003
39.200	-0.003
39.210	-0.001
39.220	-0.002
39.230	-0.003
39.240	-0.003
39.250	-0.002
39.260	-0.000
39.270	0.001
39.280	0.002
39.290	0.002
39.300	-0.000
39.310	-0.000
39.320	0.003
39.330	0.005
39.340	0.005
39.350	0.005
39.360	0.006
39.370	0.007
39.380	0.007
39.390	0.006
39.400	0.006
39.410	0.006
39.420	0.005
39.430	0.005
39.440	0.004
39.450	0.002
39.460	0.001
39.470	-0.002
39.480	-0.003
39.490	-0.002
39.500	-0.002
39.510	-0.002
39.520	-0.001
39.530	0.000
39.540	0.002
39.550	0.004
39.560	0.007
39.570	0.010
39.580	0.010
39.590	0.008
39.600	0.007
39.610	0.008
39.620	0.009
39.630	0.009
39.640	0.009
39.650	0.011
39.660	0.013
39.670	0.015
39.680	0.015
39.690	0.013
39.700	0.012
39.710	0.011
39.720	0.010
39.730	0.009
39.740	0.007
39.750	0.007
39.760	0.007
39.770	0.008
39.780	0.007
39.790	0.006
39.800	0.005
39.810	0.005
39.820	0.005
39.830	0.005
39.840	0.007
39.850	0.009
39.860	0.010
39.870	0.007
39.880	0.005
39.890	0.002
39.900	0.001
39.910	-0.001
39.920	-0.002
39.930	-0.002
39.940	-0.000
39.950	0.001
39.960	-0.001
39.970	-0.003
39.980	-0.004
39.990	-0.003
40.000	-0.001
40.010	0.001
40.020	0.002
40.030	0.005
40.040	0.006
40.050	0.006
40.060	0.004
40.070	0.002
40.080	0.000
40.090	-0.001
40.100	-0.003
40.110	-0.004
40.120	-0.004
40.130	-0.004
40.140	-0.003
40.150	-0.002
40.160	-0.002
40.170	-0.004
40.180	-0.005
40.190	-0.006
40.200	-0.007
40.210	-0.007
40.220	-0.007
40.230	-0.006
40.240	-0.006
40.250	-0.005
40.260	-0.004
40.270	-0.004
40.280	-0.004
40.290	-0.005
40.300	-0.007
40.310	-0.009
40.320	-0.010
40.330	-0.011
40.340	-0.013
40.350	-0.015
40.360	-0.018
40.370	-0.017
40.380	-0.013
40.390	-0.012
40.400	-0.012
40.410	-0.010
40.420	-0.006
40.430	-0.005
40.440	-0.005
40.450	-0.007
40.460	-0.007
40.470	-0.005
40.480	-0.005
40.490	-0.007
40.500	-0.011
40.510	-0.014
40.520	-0.015
40.530	-0.014
40.540	-0.011
40.550	-0.007
40.560	-0.003
40.570	0.000
40.580	0.002
40.590	0.003
40.600	0.002
40.610	0.003
40.620	0.003
40.630	0.001
40.640	-0.002
40.650	-0.005
40.660	-0.009
40.670	-0.013
40.680	-0.015
40.690	-0.013
40.700	-0.011
40.710	-0.007
40.720	-0.005
40.730	-0.005
40.740	-0.003
40.750	-0.002
40.760	-0.003
40.770	-0.001
40.780	0.004
40.790	0.007
40.800	0.006
40.810	0.003
40.820	0.004
40.830	0.005
40.840	0.005
40.850	0.002
40.860	0.001
40.870	0.000
40.880	-0.002
40.890	-0.002
40.900	-0.003
40.910	-0.003
40.920	-0.001
40.930	0.001
40.940	0.003
40.950	0.003
40.960	0.000
40.970	0.003
40.980	0.011
40.990	0.007
41.000	-0.001
41.010	-0.002
41.020	0.003
41.030	0.000
41.040	-0.001
41.050	-0.000
41.060	0.002
41.070	0.003
41.080	0.004
41.090	0.002
41.100	-0.001
41.110	-0.003
41.120	-0.006
41.130	-0.012
41.140	-0.012
41.150	-0.008
41.160	-0.005
41.170	-0.003
41.180	-0.005
41.190	-0.005
41.200	-0.005
41.210	-0.006
41.220	-0.007
41.230	-0.007
41.240	-0.006
41.250	-0.006
41.260	-0.006
41.270	-0.005
41.280	-0.004
41.290	-0.003
41.300	-0.002
41.310	-0.003
41.320	-0.005
41.330	-0.006
41.340	-0.005
41.350	-0.005
41.360	-0.005
41.370	-0.005
41.380	-0.003
41.390	-0.001
41.400	-0.000
41.410	-0.001
41.420	-0.004
41.430	-0.006
41.440	-0.007
41.450	-0.007
41.460	-0.008
41.470	-0.008
41.480	-0.008
41.490	-0.006
41.500	-0.005
41.510	-0.002
41.520	0.000
41.530	0.002
41.540	0.004
41.550	0.005
41.560	0.004
41.570	0.003
41.580	0.001
41.590	-0.001
41.600	-0.002
41.610	-0.002
41.620	-0.003
41.630	-0.003
41.640	-0.001
41.650	-0.001
41.660	-0.001
41.670	-0.000
41.680	0.001
41.690	0.001
41.700	0.002
41.710	0.002
41.720	0.004
41.730	0.006
41.740	0.009
41.750	0.009
41.760	0.009
41.770	0.008
41.780	0.006
41.790	0.004
41.800	0.003
41.810	0.002
41.820	0.002
41.830	0.001
41.840	0.000
41.850	-0.001
41.860	-0.003
41.870	-0.004
41.880	-0.005
41.890	-0.007
41.900	-0.007
41.910	-0.005
41.920	-0.006
41.930	-0.009
41.940	-0.009
41.950	-0.009
41.960	-0.010
41.970	-0.011
41.980	-0.012
41.990	-0.012
42.000	-0.012
42.010	-0.011
42.020	-0.011
42.030	-0.010
42.040	-0.008
42.050	-0.006
42.060	-0.006
42.070	-0.006
42.080	-0.006
42.090	-0.005
42.100	-0.003
42.110	-0.003
42.120	-0.003
42.130	-0.004
42.140	-0.003
42.150	-0.003
42.160	-0.003
42.170	-0.003
42.180	-0.003
42.190	-0.003
42.200	-0.003
42.210	-0.003
42.220	-0.004
42.230	-0.005
42.240	-0.006
42.250	-0.004
42.260	-0.002
42.270	0.000
42.280	0.001
42.290	0.002
42.300	0.002
42.310	0.003
42.320	0.002
42.330	0.001
42.340	0.001
42.350	0.001
42.360	0.001
42.370	0.001
42.380	0.001
42.390	0.002
42.400	0.001
42.410	0.001
42.420	0.001
42.430	0.002
42.440	0.003
42.450	0.005
42.460	0.006
42.470	0.006
42.480	0.007
42.490	0.009
42.500	0.010
42.510	0.010
42.520	0.010
42.530	0.011
42.540	0.011
42.550	0.011
42.560	0.011
42.570	0.010
42.580	0.008
42.590	0.006
42.600	0.006
42.610	0.005
42.620	0.005
42.630	0.005
42.640	0.005
42.650	0.006
42.660	0.007
42.670	0.008
42.680	0.007
42.690	0.007
42.700	0.006
42.710	0.007
42.720	0.007
42.730	0.006
42.740	0.005
42.750	0.006
42.760	0.006
42.770	0.006
42.780	0.006
42.790	0.004
42.800	0.004
42.810	0.004
42.820	0.004
42.830	0.005
42.840	0.006
42.850	0.005
42.860	0.005
42.870	0.006
42.880	0.007
42.890	0.007
42.900	0.006
42.910	0.007
42.920	0.007
42.930	0.008
42.940	0.008
42.950	0.008
42.960	0.008
42.970	0.007
42.980	0.006
42.990	0.006
43.000	0.006
43.010	0.007
43.020	0.008
43.030	0.009
43.040	0.009
43.050	0.007
43.060	0.006
43.070	0.005
43.080	0.004
43.090	0.004
43.100	0.004
43.110	0.004
43.120	0.003
43.130	0.003
43.140	0.003
43.150	0.002
43.160	0.001
43.170	0.000
43.180	-0.001
43.190	-0.001
43.200	-0.002
43.210	-0.002
43.220	-0.001
43.230	-0.001
43.240	-0.001
43.250	0.000
43.260	0.001
43.270	0.001
43.280	0.001
43.290	0.002
43.300	0.002
43.310	0.002
43.320	0.001
43.330	0.001
43.340	0.001
43.350	0.000
43.360	-0.001
43.370	-0.003
43.380	-0.003
43.390	-0.004
43.400	-0.005
43.410	-0.006
43.420	-0.005
43.430	-0.004
43.440	-0.003
43.450	-0.001
43.460	-0.001
43.470	-0.001
43.480	-0.000
43.490	0.001
43.500	0.001
43.510	0.000
43.520	-0.000
43.530	-0.000
43.540	0.001
43.550	0.001
43.560	0.001
43.570	0.001
43.580	0.002
43.590	0.003
43.600	0.003
43.610	0.003
43.620	0.002
43.630	0.001
43.640	0.001
43.650	0.002
43.660	0.002
43.670	0.001
43.680	0.001
43.690	0.001
43.700	0.001
43.710	0.001
43.720	-0.000
43.730	-0.000
43.740	-0.000
43.750	0.000
43.760	0.001
43.770	0.002
43.780	0.002
43.790	0.002
43.800	0.003
43.810	0.002
43.820	0.002
43.830	0.002
43.840	0.003
43.850	0.003
43.860	0.003
43.870	0.004
43.880	0.004
43.890	0.004
43.900	0.003
43.910	0.001
43.920	0.000
43.930	-0.000
43.940	-0.001
43.950	-0.002
43.960	-0.002
43.970	-0.002
43.980	-0.001
43.990	-0.001
44.000	-0.001
44.010	-0.002
44.020	-0.003
44.030	-0.004
44.040	-0.004
44.050	-0.004
44.060	-0.004
44.070	-0.003
44.080	-0.003
44.090	-0.003
44.100	-0.002
44.110	-0.002
44.120	-0.002
44.130	-0.002
44.140	-0.002
44.150	-0.001
44.160	0.001
44.170	0.003
44.180	0.004
44.190	0.005
44.200	0.006
44.210	0.006
44.220	0.006
44.230	0.006
44.240	0.006
44.250	0.005
44.260	0.003
44.270	0.002
44.280	0.001
44.290	0.000
44.300	0.001
44.310	0.001
44.320	0.001
44.330	0.001
44.340	0.001
44.350	0.001
44.360	0.002
44.370	0.002
44.380	0.003
44.390	0.002
44.400	0.002
44.410	0.002
44.420	0.003
44.430	0.003
44.440	0.002
44.450	0.002
44.460	0.002
44.470	0.002
44.480	0.002
44.490	0.002
44.500	0.002
44.510	0.002
44.520	0.002
44.530	0.002
44.540	0.002
44.550	0.002
44.560	0.002
44.570	0.002
44.580	0.002
44.590	0.002
44.600	0.002
44.610	0.001
44.620	0.000
44.630	-0.001
44.640	-0.001
44.650	-0.001
44.660	-0.002
44.670	-0.003
44.680	-0.004
44.690	-0.004
44.700	-0.004
44.710	-0.004
44.720	-0.005
44.730	-0.005
44.740	-0.004
44.750	-0.004
44.760	-0.004
44.770	-0.004
44.780	-0.003
44.790	-0.003
44.800	-0.002
44.810	-0.002
44.820	-0.002
44.830	-0.002
44.840	-0.002
44.850	-0.001
44.860	-0.001
44.870	-0.001
44.880	-0.001
44.890	-0.001
44.900	-0.000
44.910	0.001
44.920	0.001
44.930	0.001
44.940	0.001
44.950	0.001
44.960	0.001
44.970	0.001
44.980	0.001
44.990	0.001
45.000	0.001
45.010	0.001
45.020	0.003
45.030	0.004
45.040	0.004
45.050	0.004
45.060	0.005
45.070	0.006
45.080	0.006
45.090	0.005
45.100	0.005
45.110	0.005
45.120	0.004
45.130	0.004
45.140	0.002
45.150	0.002
45.160	0.002
45.170	0.002
45.180	0.002
45.190	0.002
45.200	0.002
45.210	0.003
45.220	0.004
45.230	0.004
45.240	0.005
45.250	0.005
45.260	0.004
45.270	0.003
45.280	0.003
45.290	0.002
45.300	0.001
45.310	-0.001
45.320	-0.001
45.330	-0.002
45.340	-0.002
45.350	-0.002
45.360	-0.002
45.370	-0.003
45.380	-0.003
45.390	-0.004
45.400	-0.004
45.410	-0.004
45.420	-0.003
45.430	-0.002
45.440	-0.002
45.450	-0.003
45.460	-0.003
45.470	-0.004
45.480	-0.005
45.490	-0.005
45.500	-0.004
45.510	-0.003
45.520	-0.003
45.530	-0.003
45.540	-0.003
45.550	-0.002
45.560	-0.002
45.570	-0.003
45.580	-0.003
45.590	-0.003
45.600	-0.002
45.610	-0.002
45.620	-0.002
45.630	-0.002
45.640	-0.002
45.650	-0.002
45.660	-0.002
45.670	-0.002
45.680	-0.003
45.690	-0.003
45.700	-0.002
45.710	-0.000
45.720	0.002
45.730	0.003
45.740	0.003
45.750	0.002
45.760	0.001
45.770	0.001
45.780	0.002
45.790	0.001
45.800	0.001
45.810	0.001
45.820	0.002
45.830	0.002
45.840	0.001
45.850	0.000
45.860	0.000
45.870	0.000
45.880	0.000
45.890	-0.001
45.900	-0.001
45.910	-0.000
45.920	0.001
45.930	0.001
45.940	0.000
45.950	0.000
45.960	-0.000
45.970	-0.001
45.980	-0.001
45.990	-0.001
46.000	-0.002
46.010	-0.002
46.020	-0.003
46.030	-0.004
46.040	-0.005
46.050	-0.005
46.060	-0.005
46.070	-0.005
46.080	-0.005
46.090	-0.005
46.100	-0.004
46.110	-0.005
46.120	-0.005
46.130	-0.004
46.140	-0.003
46.150	-0.002
46.160	-0.001
46.170	-0.001
46.180	-0.001
46.190	-0.001
46.200	-0.001
46.210	-0.001
46.220	-0.002
46.230	-0.002
46.240	-0.003
46.250	-0.003
46.260	-0.002
46.270	-0.002
46.280	-0.001
46.290	-0.000
46.300	0.000
46.310	0.000
46.320	0.001
46.330	0.000
46.340	-0.001
46.350	-0.001
46.360	-0.001
46.370	0.000
46.380	0.001
46.390	0.001
46.400	0.001
46.410	0.001
46.420	0.001
46.430	0.002
46.440	0.002
46.450	0.002
46.460	0.002
46.470	0.003
46.480	0.003
46.490	0.003
46.500	0.003
46.510	0.002
46.520	0.002
46.530	0.003
46.540	0.003
46.550	0.003
46.560	0.003
46.570	0.003
46.580	0.003
46.590	0.003
46.600	0.003
46.610	0.003
46.620	0.004
46.630	0.005
46.640	0.006
46.650	0.007
46.660	0.006
46.670	0.006
46.680	0.006
46.690	0.006
46.700	0.005
46.710	0.005
46.720	0.005
46.730	0.005
46.740	0.005
46.750	0.005
46.760	0.006
46.770	0.006
46.780	0.005
46.790	0.004
46.800	0.004
46.810	0.005
46.820	0.004
46.830	0.004
46.840	0.004
46.850	0.002
46.860	0.001
46.870	0.000
46.880	-0.000
46.890	-0.000
46.900	-0.001
46.910	-0.000
46.920	-0.000
46.930	-0.001
46.940	-0.001
46.950	-0.002
46.960	-0.003
46.970	-0.003
46.980	-0.004
46.990	-0.004
47.000	-0.004
47.010	-0.004
47.020	-0.003
47.030	-0.002
47.040	-0.002
47.050	-0.003
47.060	-0.003
47.070	-0.003
47.080	-0.003
47.090	-0.003
47.100	-0.003
47.110	-0.002
47.120	-0.002
47.130	-0.001
47.140	-0.001
47.150	-0.001
47.160	-0.001
47.170	-0.002
47.180	-0.003
47.190	-0.003
47.200	-0.002
47.210	-0.002
47.220	-0.001
47.230	-0.001
47.240	-0.002
47.250	-0.003
47.260	-0.004
47.270	-0.005
47.280	-0.006
47.290	-0.007
47.300	-0.006
47.310	-0.005
47.320	-0.005
47.330	-0.004
47.340	-0.004
47.350	-0.004
47.360	-0.005
47.370	-0.005
47.380	-0.006
47.390	-0.006
47.400	-0.006
47.410	-0.006
47.420	-0.005
47.430	-0.004
47.440	-0.004
47.450	-0.003
47.460	-0.002
47.470	-0.001
47.480	-0.000
47.490	-0.000
47.500	-0.000
47.510	0.001
47.520	0.002
47.530	0.002
47.540	0.001
47.550	0.000
47.560	0.001
47.570	0.002
47.580	0.003
47.590	0.003
47.600	0.003
47.610	0.004
47.620	0.004
47.630	0.004
47.640	0.004
47.650	0.005
47.660	0.005
47.670	0.005
47.680	0.005
47.690	0.005
47.700	0.004
47.710	0.004
47.720	0.003
47.730	0.002
47.740	0.002
47.750	0.002
47.760	0.002
47.770	0.002
47.780	0.002
47.790	0.003
47.800	0.002
47.810	0.002
47.820	0.003
47.830	0.003
47.840	0.003
47.850	0.002
47.860	0.002
47.870	0.002
47.880	0.002
47.890	0.002
47.900	0.000
47.910	-0.001
47.920	-0.001
47.930	-0.001
47.940	-0.001
47.950	-0.001
47.960	-0.001
47.970	-0.001
47.980	-0.002
47.990	-0.002
48.000	-0.003
48.010	-0.003
48.020	-0.003
48.030	-0.003
48.040	-0.003
48.050	-0.003
48.060	-0.003
48.070	-0.004
48.080	-0.004
48.090	-0.005
48.100	-0.005
48.110	-0.005
48.120	-0.005
48.130	-0.005
48.140	-0.004
48.150	-0.003
48.160	-0.003
48.170	-0.002
48.180	-0.001
48.190	-0.001
48.200	-0.001
48.210	-0.001
48.220	-0.001
48.230	-0.001
48.240	-0.002
48.250	-0.002
48.260	-0.002
48.270	-0.002
48.280	-0.001
48.290	-0.002
48.300	-0.002
48.310	-0.002
48.320	-0.002
48.330	-0.002
48.340	-0.001
48.350	-0.001
48.360	-0.001
48.370	-0.001
48.380	-0.001
48.390	-0.001
48.400	-0.001
48.410	-0.002
48.420	-0.003
48.430	-0.003
48.440	-0.003
48.450	-0.002
48.460	-0.001
48.470	-0.001
48.480	-0.002
48.490	-0.003
48.500	-0.003
48.510	-0.003
48.520	-0.003
48.530	-0.004
48.540	-0.003
48.550	-0.003
48.560	-0.003
48.570	-0.003
48.580	-0.002
48.590	-0.002
48.600	-0.003
48.610	-0.003
48.620	-0.003
48.630	-0.002
48.640	-0.001
48.650	-0.000
48.660	0.000
48.670	0.000
48.680	0.000
48.690	0.001
48.700	0.001
48.710	0.001
48.720	0.001
48.730	0.002
48.740	0.002
48.750	0.002
48.760	0.001
48.770	0.000
48.780	0.001
48.790	0.003
48.800	0.002
48.810	0.002
48.820	0.001
48.830	0.001
48.840	0.003
48.850	0.004
48.860	0.004
48.870	0.003
48.880	0.003
48.890	0.004
48.900	0.003
48.910	0.002
48.920	0.002
48.930	0.003
48.940	0.003
48.950	0.003
48.960	0.003
48.970	0.003
48.980	0.003
48.990	0.003
49.000	0.002
49.010	0.002
49.020	0.002
49.030	0.003
49.040	0.003
49.050	0.003
49.060	0.004
49.070	0.004
49.080	0.004
49.090	0.004
49.100	0.004
49.110	0.004
49.120	0.004
49.130	0.005
49.140	0.007
49.150	0.008
49.160	0.007
49.170	0.007
49.180	0.007
49.190	0.006
49.200	0.005
49.210	0.004
49.220	0.004
49.230	0.005
49.240	0.006
49.250	0.007
49.260	0.006
49.270	0.006
49.280	0.006
49.290	0.005
49.300	0.005
49.310	0.004
49.320	0.003
49.330	0.003
49.340	0.003
49.350	0.003
49.360	0.002
49.370	0.002
49.380	0.003
49.390	0.003
49.400	0.002
49.410	0.001
49.420	0.001
49.430	0.001
49.440	0.002
49.450	0.002
49.460	0.002
49.470	0.001
49.480	0.001
49.490	-0.000
49.500	-0.001
49.510	-0.002
49.520	-0.002
49.530	-0.001
49.540	-0.001
49.550	-0.002
49.560	-0.002
49.570	-0.001
49.580	-0.002
49.590	-0.003
49.600	-0.003
49.610	-0.002
49.620	-0.000
49.630	0.000
49.640	0.001
49.650	0.001
49.660	0.000
49.670	0.001
49.680	0.001
49.690	0.001
49.700	0.001
49.710	0.001
49.720	0.001
49.730	0.001
49.740	0.002
49.750	0.002
49.760	0.002
49.770	0.001
49.780	0.001
49.790	0.002
49.800	0.002
49.810	0.001
49.820	0.001
49.830	-0.000
49.840	-0.002
49.850	-0.002
49.860	-0.003
49.870	-0.003
49.880	-0.003
49.890	-0.003
49.900	-0.003
49.910	-0.003
49.920	-0.003
49.930	-0.003
49.940	-0.002
49.950	-0.002
49.960	-0.002
49.970	-0.002
49.980	-0.003
49.990	-0.003
50.000	-0.002
50.010	-0.003
50.020	-0.003
50.030	-0.002
50.040	-0.002
50.050	-0.001
50.060	-0.002
50.070	-0.002
50.080	-0.001
50.090	-0.001
50.100	-0.002
50.110	-0.002
50.120	-0.002
50.130	-0.001
50.140	-0.001
50.150	-0.001
50.160	-0.001
50.170	-0.002
50.180	-0.002
50.190	-0.002
50.200	-0.003
50.210	-0.003
50.220	-0.003
50.230	-0.002
50.240	-0.001
50.250	-0.000
50.260	-0.000
50.270	-0.000
50.280	-0.000
50.290	0.000
50.300	0.000
50.310	-0.001
50.320	-0.002
50.330	-0.002
50.340	-0.001
50.350	-0.001
50.360	-0.001
50.370	0.000
50.380	0.000
50.390	-0.001
50.400	-0.002
50.410	-0.002
50.420	-0.003
50.430	-0.004
50.440	-0.004
50.450	-0.003
50.460	-0.003
50.470	-0.002
50.480	-0.001
50.490	-0.000
50.500	-0.000
50.510	-0.001
50.520	-0.003
50.530	-0.004
50.540	-0.004
50.550	-0.004
50.560	-0.004
50.570	-0.004
50.580	-0.004
50.590	-0.003
50.600	-0.002
50.610	-0.002
50.620	-0.003
50.630	-0.003
50.640	-0.003
50.650	-0.003
50.660	-0.003
50.670	-0.002
50.680	-0.001
50.690	-0.000
50.700	0.000
50.710	-0.000
50.720	-0.001
50.730	-0.002
50.740	-0.003
50.750	-0.003
50.760	-0.003
50.770	-0.003
50.780	-0.003
50.790	-0.003
50.800	-0.003
50.810	-0.002
50.820	-0.001
50.830	-0.001
50.840	-0.002
50.850	-0.001
50.860	-0.001
50.870	-0.001
50.880	-0.001
50.890	-0.000
50.900	0.001
50.910	0.001
50.920	0.002
50.930	0.002
50.940	0.002
50.950	0.002
50.960	0.001
50.970	0.001
50.980	-0.000
50.990	-0.001
51.000	-0.002
51.010	-0.002
51.020	-0.001
51.030	-0.001
51.040	-0.002
51.050	-0.002
51.060	-0.002
51.070	-0.002
51.080	-0.002
51.090	-0.002
51.100	-0.002
51.110	-0.003
51.120	-0.003
51.130	-0.003
51.140	-0.003
51.150	-0.002
51.160	-0.002
51.170	-0.002
51.180	-0.002
51.190	-0.002
51.200	-0.003
51.210	-0.003
51.220	-0.004
51.230	-0.004
51.240	-0.004
51.250	-0.003
51.260	-0.003
51.270	-0.003
51.280	-0.002
51.290	-0.003
51.300	-0.004
51.310	-0.005
51.320	-0.004
51.330	-0.004
51.340	-0.004
51.350	-0.004
51.360	-0.004
51.370	-0.004
51.380	-0.004
51.390	-0.004
51.400	-0.003
51.410	-0.002
51.420	-0.002
51.430	-0.003
51.440	-0.003
51.450	-0.002
51.460	-0.003
51.470	-0.003
51.480	-0.002
51.490	-0.002
51.500	-0.001
51.510	-0.002
51.520	-0.002
51.530	-0.002
51.540	-0.001
51.550	-0.001
51.560	-0.002
51.570	-0.002
51.580	-0.001
51.590	-0.000
51.600	0.000
51.610	0.001
51.620	0.001
51.630	0.002
51.640	0.002
51.650	0.002
51.660	0.001
51.670	0.001
51.680	0.001
51.690	0.002
51.700	0.003
51.710	0.004
51.720	0.006
51.730	0.006
51.740	0.005
51.750	0.004
51.760	0.003
51.770	0.003
51.780	0.002
51.790	0.003
51.800	0.003
51.810	0.004
51.820	0.005
51.830	0.005
51.840	0.005
51.850	0.004
51.860	0.003
51.870	0.003
51.880	0.003
51.890	0.003
51.900	0.003
51.910	0.003
51.920	0.003
51.930	0.004
51.940	0.004
51.950	0.003
51.960	0.002
51.970	0.002
51.980	0.002
51.990	0.003
52.000	0.003
52.010	0.003
52.020	0.004
52.030	0.003
52.040	0.003
52.050	0.002
52.060	0.001
52.070	0.000
52.080	0.001
52.090	0.001
52.100	0.002
52.110	0.002
52.120	0.003
52.130	0.003
52.140	0.002
52.150	0.002
52.160	0.001
52.170	-0.000
52.180	-0.001
52.190	-0.001
52.200	-0.000
52.210	-0.000
52.220	0.000
52.230	0.001
52.240	0.002
52.250	0.002
52.260	0.002
52.270	0.001
52.280	0.001
52.290	0.001
52.300	0.002
52.310	0.003
52.320	0.003
52.330	0.003
52.340	0.003
52.350	0.002
52.360	0.003
52.370	0.002
52.380	0.002
52.390	0.001
52.400	0.001
52.410	0.001
52.420	0.002
52.430	0.002
52.440	0.003
52.450	0.003
52.460	0.002
52.470	0.002
52.480	0.002
52.490	0.002
52.500	0.001
52.510	0.001
52.520	0.002
52.530	0.002
52.540	0.001
52.550	0.002
52.560	0.002
52.570	0.002
52.580	0.002
52.590	0.002
52.600	0.002
52.610	0.002
52.620	0.002
52.630	0.003
52.640	0.004
52.650	0.004
52.660	0.004
52.670	0.004
52.680	0.004
52.690	0.004
52.700	0.004
52.710	0.004
52.720	0.003
52.730	0.003
52.740	0.003
52.750	0.004
52.760	0.004
52.770	0.003
52.780	0.002