The Hollister (USA) earthquake of April 09, 1961.
Source: PEER Strong Motion Database
Recording station: USGS STATION 1028
Frequency range: 0.11-11.0 Hz
Time[s] Accel[g]
0.0000	-0.0000
0.0100	-0.0000
0.0200	-0.0000
0.0300	-0.0000
0.0400	-0.0000
0.0500	-0.0001
0.0600	-0.0001
0.0700	-0.0002
0.0800	-0.0002
0.0900	-0.0003
0.1000	-0.0004
0.1100	-0.0006
0.1200	-0.0007
0.1300	-0.0009
0.1400	-0.0011
0.1500	-0.0013
0.1600	-0.0016
0.1700	-0.0019
0.1800	-0.0022
0.1900	-0.0025
0.2000	-0.0029
0.2100	-0.0033
0.2200	-0.0039
0.2300	-0.0045
0.2400	-0.0052
0.2500	-0.0059
0.2600	-0.0065
0.2700	-0.0068
0.2800	-0.0068
0.2900	-0.0065
0.3000	-0.0059
0.3100	-0.0048
0.3200	-0.0031
0.3300	-0.0007
0.3400	0.0028
0.3500	0.0071
0.3600	0.0117
0.3700	0.0159
0.3800	0.0191
0.3900	0.0212
0.4000	0.0225
0.4100	0.0231
0.4200	0.0232
0.4300	0.0228
0.4400	0.0217
0.4500	0.0197
0.4600	0.0171
0.4700	0.0138
0.4800	0.0099
0.4900	0.0056
0.5000	0.0009
0.5100	-0.0041
0.5200	-0.0094
0.5300	-0.0151
0.5400	-0.0213
0.5500	-0.0274
0.5600	-0.0323
0.5700	-0.0351
0.5800	-0.0352
0.5900	-0.0329
0.6000	-0.0289
0.6100	-0.0240
0.6200	-0.0189
0.6300	-0.0142
0.6400	-0.0099
0.6500	-0.0060
0.6600	-0.0030
0.6700	-0.0012
0.6800	-0.0008
0.6900	-0.0016
0.7000	-0.0034
0.7100	-0.0056
0.7200	-0.0080
0.7300	-0.0098
0.7400	-0.0102
0.7500	-0.0082
0.7600	-0.0038
0.7700	0.0027
0.7800	0.0112
0.7900	0.0210
0.8000	0.0309
0.8100	0.0397
0.8200	0.0467
0.8300	0.0518
0.8400	0.0550
0.8500	0.0561
0.8600	0.0543
0.8700	0.0497
0.8800	0.0426
0.8900	0.0337
0.9000	0.0236
0.9100	0.0127
0.9200	0.0012
0.9300	-0.0118
0.9400	-0.0270
0.9500	-0.0447
0.9600	-0.0640
0.9700	-0.0823
0.9800	-0.0969
0.9900	-0.1065
1.0000	-0.1109
1.0100	-0.1111
1.0200	-0.1086
1.0300	-0.1044
1.0400	-0.0995
1.0500	-0.0944
1.0600	-0.0893
1.0700	-0.0843
1.0800	-0.0791
1.0900	-0.0733
1.1000	-0.0666
1.1100	-0.0589
1.1200	-0.0488
1.1300	-0.0327
1.1400	-0.0082
1.1500	0.0241
1.1600	0.0613
1.1700	0.0994
1.1800	0.1350
1.1900	0.1647
1.2000	0.1852
1.2100	0.1948
1.2200	0.1943
1.2300	0.1863
1.2400	0.1740
1.2500	0.1599
1.2600	0.1455
1.2700	0.1310
1.2800	0.1162
1.2900	0.1008
1.3000	0.0847
1.3100	0.0678
1.3200	0.0504
1.3300	0.0336
1.3400	0.0187
1.3500	0.0059
1.3600	-0.0058
1.3700	-0.0176
1.3800	-0.0312
1.3900	-0.0472
1.4000	-0.0643
1.4100	-0.0808
1.4200	-0.0952
1.4300	-0.1069
1.4400	-0.1146
1.4500	-0.1157
1.4600	-0.1086
1.4700	-0.0923
1.4800	-0.0673
1.4900	-0.0348
1.5000	0.0017
1.5100	0.0365
1.5200	0.0651
1.5300	0.0850
1.5400	0.0951
1.5500	0.0957
1.5600	0.0883
1.5700	0.0755
1.5800	0.0597
1.5900	0.0431
1.6000	0.0267
1.6100	0.0109
1.6200	-0.0042
1.6300	-0.0185
1.6400	-0.0318
1.6500	-0.0428
1.6600	-0.0496
1.6700	-0.0512
1.6800	-0.0477
1.6900	-0.0400
1.7000	-0.0297
1.7100	-0.0184
1.7200	-0.0073
1.7300	0.0030
1.7400	0.0122
1.7500	0.0203
1.7600	0.0275
1.7700	0.0339
1.7800	0.0395
1.7900	0.0438
1.8000	0.0454
1.8100	0.0435
1.8200	0.0379
1.8300	0.0293
1.8400	0.0188
1.8500	0.0072
1.8600	-0.0052
1.8700	-0.0179
1.8800	-0.0307
1.8900	-0.0430
1.9000	-0.0541
1.9100	-0.0631
1.9200	-0.0691
1.9300	-0.0712
1.9400	-0.0693
1.9500	-0.0642
1.9600	-0.0572
1.9700	-0.0497
1.9800	-0.0426
1.9900	-0.0365
2.0000	-0.0315
2.0100	-0.0276
2.0200	-0.0245
2.0300	-0.0222
2.0400	-0.0205
2.0500	-0.0195
2.0600	-0.0191
2.0700	-0.0190
2.0800	-0.0192
2.0900	-0.0195
2.1000	-0.0198
2.1100	-0.0205
2.1200	-0.0218
2.1300	-0.0241
2.1400	-0.0275
2.1500	-0.0324
2.1600	-0.0386
2.1700	-0.0457
2.1800	-0.0525
2.1900	-0.0579
2.2000	-0.0602
2.2100	-0.0582
2.2200	-0.0516
2.2300	-0.0405
2.2400	-0.0262
2.2500	-0.0103
2.2600	0.0058
2.2700	0.0211
2.2800	0.0348
2.2900	0.0460
2.3000	0.0539
2.3100	0.0587
2.3200	0.0607
2.3300	0.0607
2.3400	0.0591
2.3500	0.0566
2.3600	0.0536
2.3700	0.0503
2.3800	0.0469
2.3900	0.0430
2.4000	0.0383
2.4100	0.0325
2.4200	0.0258
2.4300	0.0184
2.4400	0.0107
2.4500	0.0029
2.4600	-0.0047
2.4700	-0.0117
2.4800	-0.0176
2.4900	-0.0218
2.5000	-0.0243
2.5100	-0.0252
2.5200	-0.0251
2.5300	-0.0248
2.5400	-0.0253
2.5500	-0.0271
2.5600	-0.0305
2.5700	-0.0353
2.5800	-0.0413
2.5900	-0.0483
2.6000	-0.0557
2.6100	-0.0628
2.6200	-0.0676
2.6300	-0.0686
2.6400	-0.0649
2.6500	-0.0571
2.6600	-0.0464
2.6700	-0.0343
2.6800	-0.0224
2.6900	-0.0120
2.7000	-0.0040
2.7100	0.0015
2.7200	0.0047
2.7300	0.0063
2.7400	0.0072
2.7500	0.0082
2.7600	0.0098
2.7700	0.0118
2.7800	0.0139
2.7900	0.0158
2.8000	0.0172
2.8100	0.0184
2.8200	0.0199
2.8300	0.0220
2.8400	0.0249
2.8500	0.0287
2.8600	0.0337
2.8700	0.0392
2.8800	0.0446
2.8900	0.0491
2.9000	0.0524
2.9100	0.0546
2.9200	0.0556
2.9300	0.0556
2.9400	0.0543
2.9500	0.0518
2.9600	0.0482
2.9700	0.0438
2.9800	0.0389
2.9900	0.0339
3.0000	0.0288
3.0100	0.0234
3.0200	0.0172
3.0300	0.0101
3.0400	0.0021
3.0500	-0.0061
3.0600	-0.0136
3.0700	-0.0196
3.0800	-0.0236
3.0900	-0.0254
3.1000	-0.0253
3.1100	-0.0239
3.1200	-0.0217
3.1300	-0.0191
3.1400	-0.0163
3.1500	-0.0134
3.1600	-0.0104
3.1700	-0.0074
3.1800	-0.0046
3.1900	-0.0022
3.2000	-0.0007
3.2100	-0.0002
3.2200	-0.0006
3.2300	-0.0017
3.2400	-0.0029
3.2500	-0.0042
3.2600	-0.0054
3.2700	-0.0066
3.2800	-0.0078
3.2900	-0.0092
3.3000	-0.0111
3.3100	-0.0136
3.3200	-0.0165
3.3300	-0.0193
3.3400	-0.0219
3.3500	-0.0244
3.3600	-0.0266
3.3700	-0.0272
3.3800	-0.0255
3.3900	-0.0215
3.4000	-0.0161
3.4100	-0.0101
3.4200	-0.0046
3.4300	0.0000
3.4400	0.0037
3.4500	0.0064
3.4600	0.0080
3.4700	0.0087
3.4800	0.0085
3.4900	0.0076
3.5000	0.0063
3.5100	0.0045
3.5200	0.0023
3.5300	0.0002
3.5400	-0.0013
3.5500	-0.0015
3.5600	-0.0004
3.5700	0.0019
3.5800	0.0051
3.5900	0.0090
3.6000	0.0132
3.6100	0.0172
3.6200	0.0205
3.6300	0.0229
3.6400	0.0243
3.6500	0.0253
3.6600	0.0263
3.6700	0.0278
3.6800	0.0299
3.6900	0.0324
3.7000	0.0347
3.7100	0.0364
3.7200	0.0370
3.7300	0.0367
3.7400	0.0357
3.7500	0.0340
3.7600	0.0312
3.7700	0.0275
3.7800	0.0228
3.7900	0.0175
3.8000	0.0118
3.8100	0.0061
3.8200	0.0006
3.8300	-0.0045
3.8400	-0.0090
3.8500	-0.0125
3.8600	-0.0152
3.8700	-0.0170
3.8800	-0.0180
3.8900	-0.0183
3.9000	-0.0179
3.9100	-0.0169
3.9200	-0.0155
3.9300	-0.0137
3.9400	-0.0118
3.9500	-0.0097
3.9600	-0.0075
3.9700	-0.0054
3.9800	-0.0037
3.9900	-0.0027
4.0000	-0.0027
4.0100	-0.0035
4.0200	-0.0047
4.0300	-0.0062
4.0400	-0.0075
4.0500	-0.0086
4.0600	-0.0096
4.0700	-0.0109
4.0800	-0.0128
4.0900	-0.0154
4.1000	-0.0187
4.1100	-0.0222
4.1200	-0.0256
4.1300	-0.0286
4.1400	-0.0309
4.1500	-0.0324
4.1600	-0.0331
4.1700	-0.0334
4.1800	-0.0335
4.1900	-0.0332
4.2000	-0.0322
4.2100	-0.0300
4.2200	-0.0264
4.2300	-0.0216
4.2400	-0.0155
4.2500	-0.0083
4.2600	-0.0002
4.2700	0.0082
4.2800	0.0161
4.2900	0.0230
4.3000	0.0286
4.3100	0.0330
4.3200	0.0366
4.3300	0.0396
4.3400	0.0422
4.3500	0.0439
4.3600	0.0446
4.3700	0.0440
4.3800	0.0424
4.3900	0.0402
4.4000	0.0375
4.4100	0.0347
4.4200	0.0320
4.4300	0.0294
4.4400	0.0269
4.4500	0.0247
4.4600	0.0229
4.4700	0.0219
4.4800	0.0218
4.4900	0.0223
4.5000	0.0233
4.5100	0.0243
4.5200	0.0253
4.5300	0.0260
4.5400	0.0263
4.5500	0.0264
4.5600	0.0261
4.5700	0.0256
4.5800	0.0248
4.5900	0.0235
4.6000	0.0219
4.6100	0.0198
4.6200	0.0173
4.6300	0.0144
4.6400	0.0107
4.6500	0.0062
4.6600	0.0008
4.6700	-0.0054
4.6800	-0.0121
4.6900	-0.0189
4.7000	-0.0258
4.7100	-0.0325
4.7200	-0.0395
4.7300	-0.0474
4.7400	-0.0562
4.7500	-0.0656
4.7600	-0.0744
4.7700	-0.0821
4.7800	-0.0878
4.7900	-0.0913
4.8000	-0.0930
4.8100	-0.0929
4.8200	-0.0909
4.8300	-0.0870
4.8400	-0.0812
4.8500	-0.0740
4.8600	-0.0655
4.8700	-0.0560
4.8800	-0.0461
4.8900	-0.0359
4.9000	-0.0260
4.9100	-0.0165
4.9200	-0.0076
4.9300	0.0006
4.9400	0.0082
4.9500	0.0154
4.9600	0.0223
4.9700	0.0287
4.9800	0.0344
4.9900	0.0391
5.0000	0.0426
5.0100	0.0450
5.0200	0.0464
5.0300	0.0471
5.0400	0.0474
5.0500	0.0477
5.0600	0.0481
5.0700	0.0489
5.0800	0.0498
5.0900	0.0503
5.1000	0.0498
5.1100	0.0479
5.1200	0.0447
5.1300	0.0404
5.1400	0.0355
5.1500	0.0305
5.1600	0.0257
5.1700	0.0210
5.1800	0.0157
5.1900	0.0095
5.2000	0.0024
5.2100	-0.0046
5.2200	-0.0110
5.2300	-0.0161
5.2400	-0.0196
5.2500	-0.0215
5.2600	-0.0223
5.2700	-0.0225
5.2800	-0.0223
5.2900	-0.0218
5.3000	-0.0210
5.3100	-0.0200
5.3200	-0.0188
5.3300	-0.0172
5.3400	-0.0152
5.3500	-0.0123
5.3600	-0.0082
5.3700	-0.0026
5.3800	0.0042
5.3900	0.0113
5.4000	0.0178
5.4100	0.0228
5.4200	0.0259
5.4300	0.0269
5.4400	0.0264
5.4500	0.0249
5.4600	0.0232
5.4700	0.0215
5.4800	0.0202
5.4900	0.0192
5.5000	0.0183
5.5100	0.0174
5.5200	0.0164
5.5300	0.0152
5.5400	0.0133
5.5500	0.0107
5.5600	0.0075
5.5700	0.0042
5.5800	0.0012
5.5900	-0.0014
5.6000	-0.0034
5.6100	-0.0051
5.6200	-0.0066
5.6300	-0.0081
5.6400	-0.0100
5.6500	-0.0123
5.6600	-0.0151
5.6700	-0.0184
5.6800	-0.0219
5.6900	-0.0254
5.7000	-0.0287
5.7100	-0.0314
5.7200	-0.0332
5.7300	-0.0338
5.7400	-0.0330
5.7500	-0.0310
5.7600	-0.0282
5.7700	-0.0251
5.7800	-0.0219
5.7900	-0.0189
5.8000	-0.0157
5.8100	-0.0117
5.8200	-0.0064
5.8300	0.0001
5.8400	0.0077
5.8500	0.0155
5.8600	0.0227
5.8700	0.0284
5.8800	0.0322
5.8900	0.0345
5.9000	0.0356
5.9100	0.0361
5.9200	0.0360
5.9300	0.0351
5.9400	0.0332
5.9500	0.0301
5.9600	0.0262
5.9700	0.0218
5.9800	0.0169
5.9900	0.0118
6.0000	0.0063
6.0100	0.0005
6.0200	-0.0055
6.0300	-0.0116
6.0400	-0.0173
6.0500	-0.0222
6.0600	-0.0261
6.0700	-0.0291
6.0800	-0.0315
6.0900	-0.0335
6.1000	-0.0355
6.1100	-0.0378
6.1200	-0.0403
6.1300	-0.0429
6.1400	-0.0452
6.1500	-0.0470
6.1600	-0.0483
6.1700	-0.0490
6.1800	-0.0489
6.1900	-0.0479
6.2000	-0.0460
6.2100	-0.0435
6.2200	-0.0406
6.2300	-0.0374
6.2400	-0.0337
6.2500	-0.0294
6.2600	-0.0246
6.2700	-0.0196
6.2800	-0.0151
6.2900	-0.0112
6.3000	-0.0080
6.3100	-0.0056
6.3200	-0.0038
6.3300	-0.0025
6.3400	-0.0016
6.3500	-0.0009
6.3600	-0.0003
6.3700	0.0002
6.3800	0.0009
6.3900	0.0020
6.4000	0.0034
6.4100	0.0053
6.4200	0.0075
6.4300	0.0099
6.4400	0.0124
6.4500	0.0150
6.4600	0.0177
6.4700	0.0203
6.4800	0.0230
6.4900	0.0257
6.5000	0.0287
6.5100	0.0317
6.5200	0.0345
6.5300	0.0369
6.5400	0.0387
6.5500	0.0399
6.5600	0.0407
6.5700	0.0413
6.5800	0.0417
6.5900	0.0420
6.6000	0.0424
6.6100	0.0427
6.6200	0.0431
6.6300	0.0434
6.6400	0.0439
6.6500	0.0446
6.6600	0.0453
6.6700	0.0462
6.6800	0.0469
6.6900	0.0470
6.7000	0.0461
6.7100	0.0441
6.7200	0.0413
6.7300	0.0379
6.7400	0.0343
6.7500	0.0307
6.7600	0.0272
6.7700	0.0237
6.7800	0.0202
6.7900	0.0166
6.8000	0.0130
6.8100	0.0099
6.8200	0.0075
6.8300	0.0063
6.8400	0.0060
6.8500	0.0064
6.8600	0.0070
6.8700	0.0074
6.8800	0.0071
6.8900	0.0062
6.9000	0.0047
6.9100	0.0030
6.9200	0.0012
6.9300	-0.0006
6.9400	-0.0023
6.9500	-0.0039
6.9600	-0.0055
6.9700	-0.0070
6.9800	-0.0082
6.9900	-0.0089
7.0000	-0.0092
7.0100	-0.0090
7.0200	-0.0086
7.0300	-0.0082
7.0400	-0.0081
7.0500	-0.0083
7.0600	-0.0087
7.0700	-0.0092
7.0800	-0.0098
7.0900	-0.0102
7.1000	-0.0102
7.1100	-0.0095
7.1200	-0.0082
7.1300	-0.0064
7.1400	-0.0044
7.1500	-0.0027
7.1600	-0.0013
7.1700	-0.0003
7.1800	0.0004
7.1900	0.0009
7.2000	0.0010
7.2100	0.0008
7.2200	0.0001
7.2300	-0.0008
7.2400	-0.0020
7.2500	-0.0033
7.2600	-0.0045
7.2700	-0.0058
7.2800	-0.0074
7.2900	-0.0098
7.3000	-0.0132
7.3100	-0.0176
7.3200	-0.0224
7.3300	-0.0273
7.3400	-0.0318
7.3500	-0.0357
7.3600	-0.0391
7.3700	-0.0419
7.3800	-0.0439
7.3900	-0.0453
7.4000	-0.0460
7.4100	-0.0463
7.4200	-0.0460
7.4300	-0.0449
7.4400	-0.0428
7.4500	-0.0397
7.4600	-0.0358
7.4700	-0.0310
7.4800	-0.0251
7.4900	-0.0186
7.5000	-0.0119
7.5100	-0.0057
7.5200	-0.0001
7.5300	0.0046
7.5400	0.0088
7.5500	0.0125
7.5600	0.0160
7.5700	0.0192
7.5800	0.0221
7.5900	0.0244
7.6000	0.0262
7.6100	0.0274
7.6200	0.0282
7.6300	0.0286
7.6400	0.0288
7.6500	0.0288
7.6600	0.0285
7.6700	0.0278
7.6800	0.0267
7.6900	0.0254
7.7000	0.0239
7.7100	0.0222
7.7200	0.0202
7.7300	0.0176
7.7400	0.0140
7.7500	0.0096
7.7600	0.0046
7.7700	-0.0007
7.7800	-0.0058
7.7900	-0.0104
7.8000	-0.0142
7.8100	-0.0172
7.8200	-0.0193
7.8300	-0.0206
7.8400	-0.0212
7.8500	-0.0211
7.8600	-0.0203
7.8700	-0.0190
7.8800	-0.0173
7.8900	-0.0150
7.9000	-0.0122
7.9100	-0.0087
7.9200	-0.0047
7.9300	-0.0005
7.9400	0.0034
7.9500	0.0068
7.9600	0.0094
7.9700	0.0112
7.9800	0.0121
7.9900	0.0121
8.0000	0.0115
8.0100	0.0104
8.0200	0.0090
8.0300	0.0076
8.0400	0.0063
8.0500	0.0050
8.0600	0.0038
8.0700	0.0027
8.0800	0.0015
8.0900	0.0003
8.1000	-0.0010
8.1100	-0.0023
8.1200	-0.0035
8.1300	-0.0044
8.1400	-0.0051
8.1500	-0.0056
8.1600	-0.0059
8.1700	-0.0062
8.1800	-0.0063
8.1900	-0.0065
8.2000	-0.0067
8.2100	-0.0069
8.2200	-0.0070
8.2300	-0.0070
8.2400	-0.0070
8.2500	-0.0070
8.2600	-0.0069
8.2700	-0.0069
8.2800	-0.0069
8.2900	-0.0067
8.3000	-0.0060
8.3100	-0.0049
8.3200	-0.0031
8.3300	-0.0009
8.3400	0.0018
8.3500	0.0047
8.3600	0.0077
8.3700	0.0104
8.3800	0.0126
8.3900	0.0141
8.4000	0.0150
8.4100	0.0150
8.4200	0.0139
8.4300	0.0117
8.4400	0.0086
8.4500	0.0050
8.4600	0.0009
8.4700	-0.0035
8.4800	-0.0081
8.4900	-0.0127
8.5000	-0.0170
8.5100	-0.0207
8.5200	-0.0237
8.5300	-0.0261
8.5400	-0.0280
8.5500	-0.0295
8.5600	-0.0306
8.5700	-0.0314
8.5800	-0.0318
8.5900	-0.0319
8.6000	-0.0318
8.6100	-0.0315
8.6200	-0.0311
8.6300	-0.0307
8.6400	-0.0302
8.6500	-0.0295
8.6600	-0.0286
8.6700	-0.0274
8.6800	-0.0260
8.6900	-0.0244
8.7000	-0.0227
8.7100	-0.0208
8.7200	-0.0184
8.7300	-0.0155
8.7400	-0.0118
8.7500	-0.0065
8.7600	0.0007
8.7700	0.0089
8.7800	0.0168
8.7900	0.0233
8.8000	0.0278
8.8100	0.0305
8.8200	0.0316
8.8300	0.0320
8.8400	0.0322
8.8500	0.0325
8.8600	0.0332
8.8700	0.0340
8.8800	0.0345
8.8900	0.0342
8.9000	0.0329
8.9100	0.0306
8.9200	0.0277
8.9300	0.0242
8.9400	0.0205
8.9500	0.0165
8.9600	0.0127
8.9700	0.0092
8.9800	0.0062
8.9900	0.0036
9.0000	0.0016
9.0100	0.0005
9.0200	0.0003
9.0300	0.0012
9.0400	0.0029
9.0500	0.0051
9.0600	0.0076
9.0700	0.0104
9.0800	0.0133
9.0900	0.0163
9.1000	0.0190
9.1100	0.0212
9.1200	0.0226
9.1300	0.0233
9.1400	0.0235
9.1500	0.0233
9.1600	0.0230
9.1700	0.0228
9.1800	0.0227
9.1900	0.0228
9.2000	0.0230
9.2100	0.0233
9.2200	0.0236
9.2300	0.0241
9.2400	0.0247
9.2500	0.0253
9.2600	0.0259
9.2700	0.0264
9.2800	0.0270
9.2900	0.0275
9.3000	0.0279
9.3100	0.0283
9.3200	0.0287
9.3300	0.0291
9.3400	0.0294
9.3500	0.0296
9.3600	0.0293
9.3700	0.0285
9.3800	0.0269
9.3900	0.0246
9.4000	0.0220
9.4100	0.0192
9.4200	0.0164
9.4300	0.0137
9.4400	0.0110
9.4500	0.0080
9.4600	0.0046
9.4700	0.0006
9.4800	-0.0037
9.4900	-0.0083
9.5000	-0.0127
9.5100	-0.0167
9.5200	-0.0200
9.5300	-0.0225
9.5400	-0.0241
9.5500	-0.0252
9.5600	-0.0258
9.5700	-0.0262
9.5800	-0.0266
9.5900	-0.0269
9.6000	-0.0270
9.6100	-0.0267
9.6200	-0.0260
9.6300	-0.0248
9.6400	-0.0233
9.6500	-0.0217
9.6600	-0.0202
9.6700	-0.0187
9.6800	-0.0175
9.6900	-0.0165
9.7000	-0.0160
9.7100	-0.0160
9.7200	-0.0166
9.7300	-0.0177
9.7400	-0.0191
9.7500	-0.0210
9.7600	-0.0237
9.7700	-0.0269
9.7800	-0.0307
9.7900	-0.0346
9.8000	-0.0384
9.8100	-0.0421
9.8200	-0.0454
9.8300	-0.0484
9.8400	-0.0511
9.8500	-0.0535
9.8600	-0.0557
9.8700	-0.0576
9.8800	-0.0592
9.8900	-0.0606
9.9000	-0.0618
9.9100	-0.0628
9.9200	-0.0635
9.9300	-0.0635
9.9400	-0.0628
9.9500	-0.0612
9.9600	-0.0589
9.9700	-0.0562
9.9800	-0.0531
9.9900	-0.0494
10.0000	-0.0452
10.0100	-0.0404
10.0200	-0.0350
10.0300	-0.0289
10.0400	-0.0222
10.0500	-0.0150
10.0600	-0.0077
10.0700	-0.0007
10.0800	0.0057
10.0900	0.0114
10.1000	0.0164
10.1100	0.0203
10.1200	0.0232
10.1300	0.0249
10.1400	0.0257
10.1500	0.0258
10.1600	0.0256
10.1700	0.0253
10.1800	0.0251
10.1900	0.0251
10.2000	0.0252
10.2100	0.0254
10.2200	0.0261
10.2300	0.0274
10.2400	0.0294
10.2500	0.0319
10.2600	0.0347
10.2700	0.0376
10.2800	0.0401
10.2900	0.0420
10.3000	0.0432
10.3100	0.0437
10.3200	0.0433
10.3300	0.0422
10.3400	0.0404
10.3500	0.0381
10.3600	0.0356
10.3700	0.0330
10.3800	0.0303
10.3900	0.0275
10.4000	0.0242
10.4100	0.0205
10.4200	0.0166
10.4300	0.0128
10.4400	0.0093
10.4500	0.0065
10.4600	0.0043
10.4700	0.0025
10.4800	0.0009
10.4900	-0.0006
10.5000	-0.0022
10.5100	-0.0040
10.5200	-0.0062
10.5300	-0.0087
10.5400	-0.0114
10.5500	-0.0142
10.5600	-0.0169
10.5700	-0.0191
10.5800	-0.0209
10.5900	-0.0221
10.6000	-0.0228
10.6100	-0.0231
10.6200	-0.0231
10.6300	-0.0225
10.6400	-0.0214
10.6500	-0.0200
10.6600	-0.0182
10.6700	-0.0163
10.6800	-0.0142
10.6900	-0.0120
10.7000	-0.0096
10.7100	-0.0069
10.7200	-0.0041
10.7300	-0.0015
10.7400	0.0009
10.7500	0.0029
10.7600	0.0046
10.7700	0.0060
10.7800	0.0072
10.7900	0.0081
10.8000	0.0089
10.8100	0.0097
10.8200	0.0103
10.8300	0.0107
10.8400	0.0108
10.8500	0.0104
10.8600	0.0097
10.8700	0.0088
10.8800	0.0078
10.8900	0.0067
10.9000	0.0058
10.9100	0.0050
10.9200	0.0042
10.9300	0.0034
10.9400	0.0025
10.9500	0.0014
10.9600	0.0002
10.9700	-0.0009
10.9800	-0.0018
10.9900	-0.0023
11.0000	-0.0025
11.0100	-0.0025
11.0200	-0.0024
11.0300	-0.0025
11.0400	-0.0030
11.0500	-0.0039
11.0600	-0.0053
11.0700	-0.0068
11.0800	-0.0084
11.0900	-0.0099
11.1000	-0.0112
11.1100	-0.0123
11.1200	-0.0133
11.1300	-0.0141
11.1400	-0.0148
11.1500	-0.0153
11.1600	-0.0158
11.1700	-0.0163
11.1800	-0.0165
11.1900	-0.0165
11.2000	-0.0160
11.2100	-0.0150
11.2200	-0.0136
11.2300	-0.0118
11.2400	-0.0097
11.2500	-0.0072
11.2600	-0.0046
11.2700	-0.0019
11.2800	0.0006
11.2900	0.0028
11.3000	0.0045
11.3100	0.0059
11.3200	0.0070
11.3300	0.0079
11.3400	0.0088
11.3500	0.0096
11.3600	0.0103
11.3700	0.0106
11.3800	0.0106
11.3900	0.0103
11.4000	0.0097
11.4100	0.0091
11.4200	0.0085
11.4300	0.0079
11.4400	0.0074
11.4500	0.0070
11.4600	0.0067
11.4700	0.0064
11.4800	0.0063
11.4900	0.0063
11.5000	0.0064
11.5100	0.0066
11.5200	0.0070
11.5300	0.0074
11.5400	0.0079
11.5500	0.0083
11.5600	0.0088
11.5700	0.0092
11.5800	0.0096
11.5900	0.0101
11.6000	0.0108
11.6100	0.0115
11.6200	0.0124
11.6300	0.0131
11.6400	0.0138
11.6500	0.0142
11.6600	0.0145
11.6700	0.0146
11.6800	0.0146
11.6900	0.0145
11.7000	0.0145
11.7100	0.0145
11.7200	0.0145
11.7300	0.0144
11.7400	0.0140
11.7500	0.0134
11.7600	0.0126
11.7700	0.0118
11.7800	0.0108
11.7900	0.0099
11.8000	0.0091
11.8100	0.0081
11.8200	0.0069
11.8300	0.0053
11.8400	0.0033
11.8500	0.0011
11.8600	-0.0013
11.8700	-0.0036
11.8800	-0.0059
11.8900	-0.0078
11.9000	-0.0094
11.9100	-0.0105
11.9200	-0.0113
11.9300	-0.0119
11.9400	-0.0124
11.9500	-0.0129
11.9600	-0.0134
11.9700	-0.0139
11.9800	-0.0145
11.9900	-0.0151
12.0000	-0.0156
12.0100	-0.0161
12.0200	-0.0166
12.0300	-0.0170
12.0400	-0.0173
12.0500	-0.0173
12.0600	-0.0169
12.0700	-0.0159
12.0800	-0.0145
12.0900	-0.0129
12.1000	-0.0111
12.1100	-0.0093
12.1200	-0.0075
12.1300	-0.0055
12.1400	-0.0033
12.1500	-0.0008
12.1600	0.0020
12.1700	0.0047
12.1800	0.0072
12.1900	0.0094
12.2000	0.0112
12.2100	0.0128
12.2200	0.0141
12.2300	0.0151
12.2400	0.0156
12.2500	0.0156
12.2600	0.0152
12.2700	0.0146
12.2800	0.0138
12.2900	0.0130
12.3000	0.0122
12.3100	0.0116
12.3200	0.0110
12.3300	0.0104
12.3400	0.0099
12.3500	0.0093
12.3600	0.0086
12.3700	0.0078
12.3800	0.0070
12.3900	0.0061
12.4000	0.0052
12.4100	0.0043
12.4200	0.0035
12.4300	0.0027
12.4400	0.0019
12.4500	0.0013
12.4600	0.0010
12.4700	0.0012
12.4800	0.0022
12.4900	0.0037
12.5000	0.0056
12.5100	0.0077
12.5200	0.0098
12.5300	0.0118
12.5400	0.0136
12.5500	0.0153
12.5600	0.0172
12.5700	0.0197
12.5800	0.0228
12.5900	0.0264
12.6000	0.0301
12.6100	0.0334
12.6200	0.0359
12.6300	0.0376
12.6400	0.0388
12.6500	0.0396
12.6600	0.0399
12.6700	0.0399
12.6800	0.0393
12.6900	0.0383
12.7000	0.0370
12.7100	0.0355
12.7200	0.0339
12.7300	0.0323
12.7400	0.0308
12.7500	0.0292
12.7600	0.0272
12.7700	0.0246
12.7800	0.0214
12.7900	0.0177
12.8000	0.0138
12.8100	0.0098
12.8200	0.0058
12.8300	0.0019
12.8400	-0.0020
12.8500	-0.0058
12.8600	-0.0096
12.8700	-0.0134
12.8800	-0.0172
12.8900	-0.0209
12.9000	-0.0242
12.9100	-0.0269
12.9200	-0.0290
12.9300	-0.0304
12.9400	-0.0314
12.9500	-0.0321
12.9600	-0.0327
12.9700	-0.0334
12.9800	-0.0342
12.9900	-0.0353
13.0000	-0.0365
13.0100	-0.0378
13.0200	-0.0391
13.0300	-0.0402
13.0400	-0.0408
13.0500	-0.0405
13.0600	-0.0391
13.0700	-0.0369
13.0800	-0.0340
13.0900	-0.0309
13.1000	-0.0277
13.1100	-0.0245
13.1200	-0.0213
13.1300	-0.0179
13.1400	-0.0142
13.1500	-0.0104
13.1600	-0.0065
13.1700	-0.0027
13.1800	0.0009
13.1900	0.0041
13.2000	0.0068
13.2100	0.0092
13.2200	0.0113
13.2300	0.0133
13.2400	0.0152
13.2500	0.0172
13.2600	0.0192
13.2700	0.0212
13.2800	0.0232
13.2900	0.0251
13.3000	0.0269
13.3100	0.0285
13.3200	0.0298
13.3300	0.0306
13.3400	0.0307
13.3500	0.0302
13.3600	0.0291
13.3700	0.0275
13.3800	0.0256
13.3900	0.0235
13.4000	0.0215
13.4100	0.0196
13.4200	0.0179
13.4300	0.0162
13.4400	0.0145
13.4500	0.0128
13.4600	0.0110
13.4700	0.0092
13.4800	0.0074
13.4900	0.0057
13.5000	0.0039
13.5100	0.0023
13.5200	0.0006
13.5300	-0.0010
13.5400	-0.0027
13.5500	-0.0044
13.5600	-0.0061
13.5700	-0.0079
13.5800	-0.0096
13.5900	-0.0113
13.6000	-0.0129
13.6100	-0.0145
13.6200	-0.0161
13.6300	-0.0175
13.6400	-0.0189
13.6500	-0.0202
13.6600	-0.0214
13.6700	-0.0226
13.6800	-0.0237
13.6900	-0.0246
13.7000	-0.0252
13.7100	-0.0255
13.7200	-0.0255
13.7300	-0.0252
13.7400	-0.0249
13.7500	-0.0245
13.7600	-0.0241
13.7700	-0.0237
13.7800	-0.0230
13.7900	-0.0223
13.8000	-0.0214
13.8100	-0.0204
13.8200	-0.0193
13.8300	-0.0183
13.8400	-0.0174
13.8500	-0.0165
13.8600	-0.0156
13.8700	-0.0147
13.8800	-0.0139
13.8900	-0.0130
13.9000	-0.0121
13.9100	-0.0111
13.9200	-0.0099
13.9300	-0.0087
13.9400	-0.0075
13.9500	-0.0062
13.9600	-0.0050
13.9700	-0.0039
13.9800	-0.0027
13.9900	-0.0016
14.0000	-0.0006
14.0100	0.0005
14.0200	0.0018
14.0300	0.0034
14.0400	0.0054
14.0500	0.0077
14.0600	0.0102
14.0700	0.0127
14.0800	0.0151
14.0900	0.0172
14.1000	0.0187
14.1100	0.0197
14.1200	0.0202
14.1300	0.0206
14.1400	0.0208
14.1500	0.0211
14.1600	0.0215
14.1700	0.0219
14.1800	0.0223
14.1900	0.0228
14.2000	0.0231
14.2100	0.0233
14.2200	0.0234
14.2300	0.0232
14.2400	0.0229
14.2500	0.0225
14.2600	0.0221
14.2700	0.0216
14.2800	0.0213
14.2900	0.0208
14.3000	0.0202
14.3100	0.0192
14.3200	0.0179
14.3300	0.0163
14.3400	0.0146
14.3500	0.0128
14.3600	0.0110
14.3700	0.0094
14.3800	0.0078
14.3900	0.0062
14.4000	0.0043
14.4100	0.0021
14.4200	-0.0006
14.4300	-0.0036
14.4400	-0.0066
14.4500	-0.0094
14.4600	-0.0117
14.4700	-0.0135
14.4800	-0.0149
14.4900	-0.0161
14.5000	-0.0172
14.5100	-0.0182
14.5200	-0.0191
14.5300	-0.0198
14.5400	-0.0201
14.5500	-0.0201
14.5600	-0.0198
14.5700	-0.0195
14.5800	-0.0190
14.5900	-0.0186
14.6000	-0.0182
14.6100	-0.0179
14.6200	-0.0176
14.6300	-0.0173
14.6400	-0.0172
14.6500	-0.0173
14.6600	-0.0176
14.6700	-0.0180
14.6800	-0.0185
14.6900	-0.0190
14.7000	-0.0195
14.7100	-0.0199
14.7200	-0.0203
14.7300	-0.0207
14.7400	-0.0210
14.7500	-0.0214
14.7600	-0.0218
14.7700	-0.0223
14.7800	-0.0228
14.7900	-0.0233
14.8000	-0.0237
14.8100	-0.0242
14.8200	-0.0246
14.8300	-0.0250
14.8400	-0.0254
14.8500	-0.0258
14.8600	-0.0259
14.8700	-0.0256
14.8800	-0.0248
14.8900	-0.0236
14.9000	-0.0221
14.9100	-0.0204
14.9200	-0.0186
14.9300	-0.0168
14.9400	-0.0150
14.9500	-0.0132
14.9600	-0.0114
14.9700	-0.0096
14.9800	-0.0076
14.9900	-0.0053
15.0000	-0.0025
15.0100	0.0007
15.0200	0.0040
15.0300	0.0070
15.0400	0.0094
15.0500	0.0112
15.0600	0.0125
15.0700	0.0134
15.0800	0.0142
15.0900	0.0150
15.1000	0.0158
15.1100	0.0166
15.1200	0.0172
15.1300	0.0178
15.1400	0.0182
15.1500	0.0186
15.1600	0.0190
15.1700	0.0194
15.1800	0.0199
15.1900	0.0205
15.2000	0.0212
15.2100	0.0219
15.2200	0.0226
15.2300	0.0229
15.2400	0.0230
15.2500	0.0227
15.2600	0.0222
15.2700	0.0213
15.2800	0.0201
15.2900	0.0186
15.3000	0.0170
15.3100	0.0153
15.3200	0.0135
15.3300	0.0119
15.3400	0.0102
15.3500	0.0084
15.3600	0.0064
15.3700	0.0043
15.3800	0.0022
15.3900	-0.0001
15.4000	-0.0023
15.4100	-0.0043
15.4200	-0.0062
15.4300	-0.0078
15.4400	-0.0091
15.4500	-0.0103
15.4600	-0.0113
15.4700	-0.0122
15.4800	-0.0131
15.4900	-0.0140
15.5000	-0.0149
15.5100	-0.0159
15.5200	-0.0167
15.5300	-0.0174
15.5400	-0.0179
15.5500	-0.0181
15.5600	-0.0183
15.5700	-0.0184
15.5800	-0.0184
15.5900	-0.0185
15.6000	-0.0186
15.6100	-0.0187
15.6200	-0.0188
15.6300	-0.0189
15.6400	-0.0191
15.6500	-0.0193
15.6600	-0.0197
15.6700	-0.0201
15.6800	-0.0206
15.6900	-0.0211
15.7000	-0.0215
15.7100	-0.0215
15.7200	-0.0210
15.7300	-0.0198
15.7400	-0.0180
15.7500	-0.0160
15.7600	-0.0138
15.7700	-0.0117
15.7800	-0.0097
15.7900	-0.0078
15.8000	-0.0061
15.8100	-0.0044
15.8200	-0.0027
15.8300	-0.0010
15.8400	0.0008
15.8500	0.0025
15.8600	0.0044
15.8700	0.0062
15.8800	0.0079
15.8900	0.0096
15.9000	0.0112
15.9100	0.0127
15.9200	0.0140
15.9300	0.0151
15.9400	0.0161
15.9500	0.0169
15.9600	0.0178
15.9700	0.0186
15.9800	0.0195
15.9900	0.0203
16.0000	0.0211
16.0100	0.0217
16.0200	0.0221
16.0300	0.0224
16.0400	0.0224
16.0500	0.0224
16.0600	0.0223
16.0700	0.0223
16.0800	0.0222
16.0900	0.0222
16.1000	0.0222
16.1100	0.0222
16.1200	0.0221
16.1300	0.0218
16.1400	0.0212
16.1500	0.0204
16.1600	0.0194
16.1700	0.0183
16.1800	0.0171
16.1900	0.0160
16.2000	0.0149
16.2100	0.0139
16.2200	0.0128
16.2300	0.0116
16.2400	0.0103
16.2500	0.0089
16.2600	0.0076
16.2700	0.0063
16.2800	0.0054
16.2900	0.0046
16.3000	0.0040
16.3100	0.0035
16.3200	0.0031
16.3300	0.0027
16.3400	0.0022
16.3500	0.0017
16.3600	0.0012
16.3700	0.0007
16.3800	0.0002
16.3900	-0.0000
16.4000	0.0000
16.4100	0.0003
16.4200	0.0009
16.4300	0.0015
16.4400	0.0023
16.4500	0.0030
16.4600	0.0036
16.4700	0.0041
16.4800	0.0045
16.4900	0.0049
16.5000	0.0052
16.5100	0.0054
16.5200	0.0054
16.5300	0.0054
16.5400	0.0052
16.5500	0.0049
16.5600	0.0046
16.5700	0.0044
16.5800	0.0041
16.5900	0.0038
16.6000	0.0036
16.6100	0.0034
16.6200	0.0032
16.6300	0.0030
16.6400	0.0027
16.6500	0.0023
16.6600	0.0019
16.6700	0.0012
16.6800	0.0005
16.6900	-0.0002
16.7000	-0.0010
16.7100	-0.0017
16.7200	-0.0024
16.7300	-0.0031
16.7400	-0.0038
16.7500	-0.0044
16.7600	-0.0050
16.7700	-0.0057
16.7800	-0.0063
16.7900	-0.0070
16.8000	-0.0076
16.8100	-0.0082
16.8200	-0.0088
16.8300	-0.0093
16.8400	-0.0099
16.8500	-0.0104
16.8600	-0.0108
16.8700	-0.0108
16.8800	-0.0106
16.8900	-0.0100
16.9000	-0.0091
16.9100	-0.0081
16.9200	-0.0071
16.9300	-0.0061
16.9400	-0.0052
16.9500	-0.0044
16.9600	-0.0036
16.9700	-0.0027
16.9800	-0.0017
16.9900	-0.0006
17.0000	0.0005
17.0100	0.0018
17.0200	0.0030
17.0300	0.0041
17.0400	0.0051
17.0500	0.0060
17.0600	0.0067
17.0700	0.0073
17.0800	0.0078
17.0900	0.0082
17.1000	0.0086
17.1100	0.0090
17.1200	0.0093
17.1300	0.0096
17.1400	0.0097
17.1500	0.0098
17.1600	0.0099
17.1700	0.0100
17.1800	0.0100
17.1900	0.0101
17.2000	0.0101
17.2100	0.0099
17.2200	0.0096
17.2300	0.0090
17.2400	0.0083
17.2500	0.0075
17.2600	0.0067
17.2700	0.0059
17.2800	0.0052
17.2900	0.0045
17.3000	0.0038
17.3100	0.0031
17.3200	0.0024
17.3300	0.0015
17.3400	0.0006
17.3500	-0.0004
17.3600	-0.0015
17.3700	-0.0026
17.3800	-0.0036
17.3900	-0.0046
17.4000	-0.0056
17.4100	-0.0068
17.4200	-0.0079
17.4300	-0.0092
17.4400	-0.0106
17.4500	-0.0119
17.4600	-0.0132
17.4700	-0.0142
17.4800	-0.0151
17.4900	-0.0158
17.5000	-0.0162
17.5100	-0.0166
17.5200	-0.0169
17.5300	-0.0172
17.5400	-0.0175
17.5500	-0.0176
17.5600	-0.0177
17.5700	-0.0176
17.5800	-0.0174
17.5900	-0.0172
17.6000	-0.0168
17.6100	-0.0164
17.6200	-0.0158
17.6300	-0.0151
17.6400	-0.0143
17.6500	-0.0134
17.6600	-0.0125
17.6700	-0.0117
17.6800	-0.0112
17.6900	-0.0109
17.7000	-0.0109
17.7100	-0.0110
17.7200	-0.0112
17.7300	-0.0114
17.7400	-0.0116
17.7500	-0.0117
17.7600	-0.0118
17.7700	-0.0118
17.7800	-0.0117
17.7900	-0.0112
17.8000	-0.0103
17.8100	-0.0090
17.8200	-0.0074
17.8300	-0.0056
17.8400	-0.0038
17.8500	-0.0021
17.8600	-0.0004
17.8700	0.0011
17.8800	0.0025
17.8900	0.0039
17.9000	0.0052
17.9100	0.0065
17.9200	0.0077
17.9300	0.0090
17.9400	0.0102
17.9500	0.0114
17.9600	0.0125
17.9700	0.0136
17.9800	0.0147
17.9900	0.0159
18.0000	0.0172
18.0100	0.0187
18.0200	0.0203
18.0300	0.0221
18.0400	0.0239
18.0500	0.0255
18.0600	0.0269
18.0700	0.0279
18.0800	0.0287
18.0900	0.0293
18.1000	0.0296
18.1100	0.0298
18.1200	0.0299
18.1300	0.0300
18.1400	0.0299
18.1500	0.0296
18.1600	0.0289
18.1700	0.0278
18.1800	0.0264
18.1900	0.0248
18.2000	0.0232
18.2100	0.0216
18.2200	0.0200
18.2300	0.0186
18.2400	0.0172
18.2500	0.0159
18.2600	0.0146
18.2700	0.0132
18.2800	0.0117
18.2900	0.0101
18.3000	0.0085
18.3100	0.0068
18.3200	0.0052
18.3300	0.0038
18.3400	0.0027
18.3500	0.0018
18.3600	0.0014
18.3700	0.0011
18.3800	0.0011
18.3900	0.0010
18.4000	0.0010
18.4100	0.0009
18.4200	0.0007
18.4300	0.0005
18.4400	0.0003
18.4500	-0.0001
18.4600	-0.0007
18.4700	-0.0014
18.4800	-0.0022
18.4900	-0.0030
18.5000	-0.0039
18.5100	-0.0048
18.5200	-0.0056
18.5300	-0.0063
18.5400	-0.0070
18.5500	-0.0076
18.5600	-0.0082
18.5700	-0.0087
18.5800	-0.0093
18.5900	-0.0098
18.6000	-0.0103
18.6100	-0.0108
18.6200	-0.0111
18.6300	-0.0113
18.6400	-0.0114
18.6500	-0.0114
18.6600	-0.0114
18.6700	-0.0114
18.6800	-0.0114
18.6900	-0.0114
18.7000	-0.0115
18.7100	-0.0116
18.7200	-0.0118
18.7300	-0.0120
18.7400	-0.0123
18.7500	-0.0125
18.7600	-0.0128
18.7700	-0.0130
18.7800	-0.0132
18.7900	-0.0134
18.8000	-0.0136
18.8100	-0.0139
18.8200	-0.0142
18.8300	-0.0147
18.8400	-0.0154
18.8500	-0.0161
18.8600	-0.0168
18.8700	-0.0176
18.8800	-0.0183
18.8900	-0.0188
18.9000	-0.0192
18.9100	-0.0195
18.9200	-0.0196
18.9300	-0.0197
18.9400	-0.0197
18.9500	-0.0198
18.9600	-0.0199
18.9700	-0.0200
18.9800	-0.0201
18.9900	-0.0202
19.0000	-0.0203
19.0100	-0.0204
19.0200	-0.0204
19.0300	-0.0204
19.0400	-0.0202
19.0500	-0.0195
19.0600	-0.0184
19.0700	-0.0169
19.0800	-0.0151
19.0900	-0.0132
19.1000	-0.0113
19.1100	-0.0095
19.1200	-0.0077
19.1300	-0.0058
19.1400	-0.0038
19.1500	-0.0016
19.1600	0.0007
19.1700	0.0031
19.1800	0.0054
19.1900	0.0077
19.2000	0.0098
19.2100	0.0116
19.2200	0.0129
19.2300	0.0138
19.2400	0.0143
19.2500	0.0147
19.2600	0.0149
19.2700	0.0150
19.2800	0.0151
19.2900	0.0150
19.3000	0.0147
19.3100	0.0143
19.3200	0.0137
19.3300	0.0130
19.3400	0.0124
19.3500	0.0118
19.3600	0.0112
19.3700	0.0107
19.3800	0.0102
19.3900	0.0097
19.4000	0.0092
19.4100	0.0087
19.4200	0.0082
19.4300	0.0077
19.4400	0.0072
19.4500	0.0067
19.4600	0.0062
19.4700	0.0056
19.4800	0.0050
19.4900	0.0044
19.5000	0.0038
19.5100	0.0031
19.5200	0.0025
19.5300	0.0019
19.5400	0.0013
19.5500	0.0007
19.5600	0.0001
19.5700	-0.0004
19.5800	-0.0010
19.5900	-0.0015
19.6000	-0.0020
19.6100	-0.0025
19.6200	-0.0030
19.6300	-0.0034
19.6400	-0.0037
19.6500	-0.0040
19.6600	-0.0042
19.6700	-0.0044
19.6800	-0.0047
19.6900	-0.0049
19.7000	-0.0051
19.7100	-0.0053
19.7200	-0.0056
19.7300	-0.0058
19.7400	-0.0060
19.7500	-0.0062
19.7600	-0.0064
19.7700	-0.0065
19.7800	-0.0067
19.7900	-0.0068
19.8000	-0.0068
19.8100	-0.0069
19.8200	-0.0069
19.8300	-0.0069
19.8400	-0.0069
19.8500	-0.0070
19.8600	-0.0070
19.8700	-0.0070
19.8800	-0.0070
19.8900	-0.0071
19.9000	-0.0071
19.9100	-0.0070
19.9200	-0.0070
19.9300	-0.0068
19.9400	-0.0066
19.9500	-0.0063
19.9600	-0.0060
19.9700	-0.0057
19.9800	-0.0053
19.9900	-0.0050
20.0000	-0.0048
20.0100	-0.0045
20.0200	-0.0042
20.0300	-0.0040
20.0400	-0.0037
20.0500	-0.0034
20.0600	-0.0032
20.0700	-0.0029
20.0800	-0.0027
20.0900	-0.0024
20.1000	-0.0022
20.1100	-0.0019
20.1200	-0.0016
20.1300	-0.0012
20.1400	-0.0007
20.1500	-0.0002
20.1600	0.0004
20.1700	0.0009
20.1800	0.0015
20.1900	0.0020
20.2000	0.0025
20.2100	0.0029
20.2200	0.0034
20.2300	0.0038
20.2400	0.0043
20.2500	0.0047
20.2600	0.0049
20.2700	0.0050
20.2800	0.0049
20.2900	0.0047
20.3000	0.0045
20.3100	0.0042
20.3200	0.0039
20.3300	0.0037
20.3400	0.0035
20.3500	0.0033
20.3600	0.0031
20.3700	0.0029
20.3800	0.0027
20.3900	0.0025
20.4000	0.0024
20.4100	0.0022
20.4200	0.0020
20.4300	0.0020
20.4400	0.0021
20.4500	0.0024
20.4600	0.0029
20.4700	0.0034
20.4800	0.0039
20.4900	0.0045
20.5000	0.0049
20.5100	0.0054
20.5200	0.0058
20.5300	0.0062
20.5400	0.0066
20.5500	0.0071
20.5600	0.0075
20.5700	0.0079
20.5800	0.0084
20.5900	0.0088
20.6000	0.0093
20.6100	0.0097
20.6200	0.0101
20.6300	0.0105
20.6400	0.0109
20.6500	0.0113
20.6600	0.0117
20.6700	0.0120
20.6800	0.0124
20.6900	0.0127
20.7000	0.0130
20.7100	0.0132
20.7200	0.0131
20.7300	0.0128
20.7400	0.0123
20.7500	0.0116
20.7600	0.0108
20.7700	0.0100
20.7800	0.0092
20.7900	0.0085
20.8000	0.0079
20.8100	0.0073
20.8200	0.0067
20.8300	0.0061
20.8400	0.0055
20.8500	0.0048
20.8600	0.0042
20.8700	0.0037
20.8800	0.0031
20.8900	0.0025
20.9000	0.0020
20.9100	0.0014
20.9200	0.0008
20.9300	0.0002
20.9400	-0.0005
20.9500	-0.0011
20.9600	-0.0017
20.9700	-0.0023
20.9800	-0.0029
20.9900	-0.0034
21.0000	-0.0039
21.0100	-0.0043
21.0200	-0.0047
21.0300	-0.0051
21.0400	-0.0055
21.0500	-0.0058
21.0600	-0.0062
21.0700	-0.0065
21.0800	-0.0067
21.0900	-0.0065
21.1000	-0.0060
21.1100	-0.0052
21.1200	-0.0042
21.1300	-0.0032
21.1400	-0.0021
21.1500	-0.0011
21.1600	-0.0003
21.1700	0.0005
21.1800	0.0012
21.1900	0.0018
21.2000	0.0024
21.2100	0.0029
21.2200	0.0034
21.2300	0.0038
21.2400	0.0043
21.2500	0.0048
21.2600	0.0052
21.2700	0.0057
21.2800	0.0061
21.2900	0.0065
21.3000	0.0067
21.3100	0.0067
21.3200	0.0066
21.3300	0.0063
21.3400	0.0059
21.3500	0.0055
21.3600	0.0050
21.3700	0.0046
21.3800	0.0043
21.3900	0.0039
21.4000	0.0036
21.4100	0.0033
21.4200	0.0030
21.4300	0.0028
21.4400	0.0027
21.4500	0.0026
21.4600	0.0026
21.4700	0.0027
21.4800	0.0027
21.4900	0.0028
21.5000	0.0028
21.5100	0.0028
21.5200	0.0028
21.5300	0.0028
21.5400	0.0028
21.5500	0.0028
21.5600	0.0028
21.5700	0.0028
21.5800	0.0028
21.5900	0.0028
21.6000	0.0028
21.6100	0.0027
21.6200	0.0025
21.6300	0.0021
21.6400	0.0016
21.6500	0.0011
21.6600	0.0005
21.6700	-0.0001
21.6800	-0.0006
21.6900	-0.0012
21.7000	-0.0016
21.7100	-0.0021
21.7200	-0.0026
21.7300	-0.0031
21.7400	-0.0037
21.7500	-0.0043
21.7600	-0.0049
21.7700	-0.0056
21.7800	-0.0063
21.7900	-0.0070
21.8000	-0.0076
21.8100	-0.0082
21.8200	-0.0088
21.8300	-0.0093
21.8400	-0.0098
21.8500	-0.0101
21.8600	-0.0105
21.8700	-0.0107
21.8800	-0.0109
21.8900	-0.0111
21.9000	-0.0114
21.9100	-0.0116
21.9200	-0.0118
21.9300	-0.0120
21.9400	-0.0122
21.9500	-0.0124
21.9600	-0.0125
21.9700	-0.0125
21.9800	-0.0123
21.9900	-0.0120
22.0000	-0.0117
22.0100	-0.0113
22.0200	-0.0108
22.0300	-0.0105
22.0400	-0.0101
22.0500	-0.0098
22.0600	-0.0094
22.0700	-0.0091
22.0800	-0.0088
22.0900	-0.0085
22.1000	-0.0081
22.1100	-0.0077
22.1200	-0.0072
22.1300	-0.0066
22.1400	-0.0059
22.1500	-0.0050
22.1600	-0.0041
22.1700	-0.0032
22.1800	-0.0024
22.1900	-0.0015
22.2000	-0.0008
22.2100	-0.0000
22.2200	0.0007
22.2300	0.0014
22.2400	0.0020
22.2500	0.0026
22.2600	0.0031
22.2700	0.0035
22.2800	0.0039
22.2900	0.0044
22.3000	0.0048
22.3100	0.0052
22.3200	0.0056
22.3300	0.0060
22.3400	0.0063
22.3500	0.0066
22.3600	0.0066
22.3700	0.0065
22.3800	0.0061
22.3900	0.0056
22.4000	0.0051
22.4100	0.0046
22.4200	0.0041
22.4300	0.0036
22.4400	0.0032
22.4500	0.0028
22.4600	0.0024
22.4700	0.0020
22.4800	0.0017
22.4900	0.0013
22.5000	0.0010
22.5100	0.0007
22.5200	0.0004
22.5300	0.0001
22.5400	-0.0002
22.5500	-0.0005
22.5600	-0.0007
22.5700	-0.0009
22.5800	-0.0010
22.5900	-0.0010
22.6000	-0.0010
22.6100	-0.0009
22.6200	-0.0008
22.6300	-0.0007
22.6400	-0.0006
22.6500	-0.0006
22.6600	-0.0005
22.6700	-0.0005
22.6800	-0.0004
22.6900	-0.0004
22.7000	-0.0003
22.7100	-0.0002
22.7200	0.0001
22.7300	0.0005
22.7400	0.0010
22.7500	0.0015
22.7600	0.0020
22.7700	0.0025
22.7800	0.0030
22.7900	0.0035
22.8000	0.0040
22.8100	0.0044
22.8200	0.0048
22.8300	0.0052
22.8400	0.0055
22.8500	0.0057
22.8600	0.0057
22.8700	0.0057
22.8800	0.0056
22.8900	0.0054
22.9000	0.0053
22.9100	0.0051
22.9200	0.0050
22.9300	0.0049
22.9400	0.0048
22.9500	0.0047
22.9600	0.0046
22.9700	0.0045
22.9800	0.0044
22.9900	0.0043
23.0000	0.0042
23.0100	0.0041
23.0200	0.0040
23.0300	0.0039
23.0400	0.0037
23.0500	0.0034
23.0600	0.0031
23.0700	0.0027
23.0800	0.0023
23.0900	0.0020
23.1000	0.0016
23.1100	0.0012
23.1200	0.0009
23.1300	0.0006
23.1400	0.0003
23.1500	-0.0001
23.1600	-0.0004
23.1700	-0.0007
23.1800	-0.0010
23.1900	-0.0012
23.2000	-0.0014
23.2100	-0.0015
23.2200	-0.0016
23.2300	-0.0016
23.2400	-0.0016
23.2500	-0.0016
23.2600	-0.0017
23.2700	-0.0017
23.2800	-0.0018
23.2900	-0.0018
23.3000	-0.0018
23.3100	-0.0018
23.3200	-0.0017
23.3300	-0.0016
23.3400	-0.0015
23.3500	-0.0014
23.3600	-0.0012
23.3700	-0.0011
23.3800	-0.0010
23.3900	-0.0009
23.4000	-0.0008
23.4100	-0.0008
23.4200	-0.0007
23.4300	-0.0007
23.4400	-0.0007
23.4500	-0.0007
23.4600	-0.0007
23.4700	-0.0008
23.4800	-0.0008
23.4900	-0.0008
23.5000	-0.0009
23.5100	-0.0009
23.5200	-0.0009
23.5300	-0.0009
23.5400	-0.0009
23.5500	-0.0010
23.5600	-0.0010
23.5700	-0.0011
23.5800	-0.0012
23.5900	-0.0014
23.6000	-0.0015
23.6100	-0.0016
23.6200	-0.0017
23.6300	-0.0018
23.6400	-0.0019
23.6500	-0.0020
23.6600	-0.0020
23.6700	-0.0018
23.6800	-0.0014
23.6900	-0.0007
23.7000	0.0001
23.7100	0.0009
23.7200	0.0018
23.7300	0.0026
23.7400	0.0033
23.7500	0.0041
23.7600	0.0047
23.7700	0.0053
23.7800	0.0059
23.7900	0.0064
23.8000	0.0067
23.8100	0.0070
23.8200	0.0072
23.8300	0.0074
23.8400	0.0076
23.8500	0.0077
23.8600	0.0079
23.8700	0.0081
23.8800	0.0083
23.8900	0.0085
23.9000	0.0086
23.9100	0.0086
23.9200	0.0084
23.9300	0.0079
23.9400	0.0074
23.9500	0.0068
23.9600	0.0061
23.9700	0.0055
23.9800	0.0049
23.9900	0.0043
24.0000	0.0038
24.0100	0.0033
24.0200	0.0028
24.0300	0.0023
24.0400	0.0018
24.0500	0.0013
24.0600	0.0009
24.0700	0.0005
24.0800	0.0002
24.0900	0.0000
24.1000	-0.0001
24.1100	-0.0003
24.1200	-0.0005
24.1300	-0.0006
24.1400	-0.0008
24.1500	-0.0010
24.1600	-0.0012
24.1700	-0.0014
24.1800	-0.0015
24.1900	-0.0017
24.2000	-0.0019
24.2100	-0.0021
24.2200	-0.0023
24.2300	-0.0026
24.2400	-0.0030
24.2500	-0.0035
24.2600	-0.0039
24.2700	-0.0044
24.2800	-0.0048
24.2900	-0.0052
24.3000	-0.0056
24.3100	-0.0060
24.3200	-0.0063
24.3300	-0.0067
24.3400	-0.0070
24.3500	-0.0074
24.3600	-0.0077
24.3700	-0.0080
24.3800	-0.0083
24.3900	-0.0084
24.4000	-0.0083
24.4100	-0.0080
24.4200	-0.0076
24.4300	-0.0070
24.4400	-0.0065
24.4500	-0.0059
24.4600	-0.0054
24.4700	-0.0050
24.4800	-0.0045
24.4900	-0.0041
24.5000	-0.0037
24.5100	-0.0033
24.5200	-0.0029
24.5300	-0.0026
24.5400	-0.0023
24.5500	-0.0022
24.5600	-0.0022
24.5700	-0.0022
24.5800	-0.0023
24.5900	-0.0023
24.6000	-0.0023
24.6100	-0.0024
24.6200	-0.0024
24.6300	-0.0024
24.6400	-0.0024
24.6500	-0.0024
24.6600	-0.0024
24.6700	-0.0024
24.6800	-0.0024
24.6900	-0.0025
24.7000	-0.0027
24.7100	-0.0030
24.7200	-0.0034
24.7300	-0.0038
24.7400	-0.0043
24.7500	-0.0047
24.7600	-0.0051
24.7700	-0.0055
24.7800	-0.0059
24.7900	-0.0062
24.8000	-0.0065
24.8100	-0.0069
24.8200	-0.0072
24.8300	-0.0075
24.8400	-0.0078
24.8500	-0.0081
24.8600	-0.0084
24.8700	-0.0086
24.8800	-0.0086
24.8900	-0.0085
24.9000	-0.0083
24.9100	-0.0080
24.9200	-0.0077
24.9300	-0.0075
24.9400	-0.0072
24.9500	-0.0070
24.9600	-0.0068
24.9700	-0.0066
24.9800	-0.0064
24.9900	-0.0062
25.0000	-0.0060
25.0100	-0.0059
25.0200	-0.0058
25.0300	-0.0056
25.0400	-0.0055
25.0500	-0.0054
25.0600	-0.0053
25.0700	-0.0052
25.0800	-0.0051
25.0900	-0.0050
25.1000	-0.0049
25.1100	-0.0048
25.1200	-0.0047
25.1300	-0.0046
25.1400	-0.0045
25.1500	-0.0043
25.1600	-0.0040
25.1700	-0.0035
25.1800	-0.0029
25.1900	-0.0021
25.2000	-0.0012
25.2100	-0.0003
25.2200	0.0006
25.2300	0.0014
25.2400	0.0022
25.2500	0.0030
25.2600	0.0037
25.2700	0.0043
25.2800	0.0049
25.2900	0.0054
25.3000	0.0059
25.3100	0.0063
25.3200	0.0066
25.3300	0.0070
25.3400	0.0074
25.3500	0.0077
25.3600	0.0081
25.3700	0.0084
25.3800	0.0088
25.3900	0.0091
25.4000	0.0094
25.4100	0.0096
25.4200	0.0098
25.4300	0.0100
25.4400	0.0101
25.4500	0.0102
25.4600	0.0102
25.4700	0.0103
25.4800	0.0104
25.4900	0.0105
25.5000	0.0105
25.5100	0.0106
25.5200	0.0107
25.5300	0.0107
25.5400	0.0107
25.5500	0.0105
25.5600	0.0101
25.5700	0.0095
25.5800	0.0089
25.5900	0.0081
25.6000	0.0074
25.6100	0.0067
25.6200	0.0060
25.6300	0.0054
25.6400	0.0048
25.6500	0.0042
25.6600	0.0036
25.6700	0.0030
25.6800	0.0024
25.6900	0.0018
25.7000	0.0010
25.7100	0.0003
25.7200	-0.0005
25.7300	-0.0014
25.7400	-0.0022
25.7500	-0.0030
25.7600	-0.0037
25.7700	-0.0043
25.7800	-0.0049
25.7900	-0.0054
25.8000	-0.0058
25.8100	-0.0061
25.8200	-0.0064
25.8300	-0.0067
25.8400	-0.0071
25.8500	-0.0074
25.8600	-0.0076
25.8700	-0.0076
25.8800	-0.0073
25.8900	-0.0067
25.9000	-0.0059
25.9100	-0.0050
25.9200	-0.0042
25.9300	-0.0033
25.9400	-0.0025
25.9500	-0.0018
25.9600	-0.0011
25.9700	-0.0004
25.9800	0.0002
25.9900	0.0009
26.0000	0.0016
26.0100	0.0023
26.0200	0.0030
26.0300	0.0037
26.0400	0.0043
26.0500	0.0049
26.0600	0.0055
26.0700	0.0061
26.0800	0.0066
26.0900	0.0071
26.1000	0.0074
26.1100	0.0075
26.1200	0.0076
26.1300	0.0077
26.1400	0.0077
26.1500	0.0077
26.1600	0.0077
26.1700	0.0078
26.1800	0.0079
26.1900	0.0079
26.2000	0.0080
26.2100	0.0080
26.2200	0.0080
26.2300	0.0080
26.2400	0.0078
26.2500	0.0075
26.2600	0.0071
26.2700	0.0065
26.2800	0.0059
26.2900	0.0053
26.3000	0.0046
26.3100	0.0041
26.3200	0.0035
26.3300	0.0030
26.3400	0.0025
26.3500	0.0020
26.3600	0.0015
26.3700	0.0010
26.3800	0.0005
26.3900	-0.0000
26.4000	-0.0005
26.4100	-0.0010
26.4200	-0.0015
26.4300	-0.0020
26.4400	-0.0025
26.4500	-0.0030
26.4600	-0.0035
26.4700	-0.0039
26.4800	-0.0044
26.4900	-0.0048
26.5000	-0.0053
26.5100	-0.0057
26.5200	-0.0061
26.5300	-0.0064
26.5400	-0.0066
26.5500	-0.0067
26.5600	-0.0068
26.5700	-0.0069
26.5800	-0.0069
26.5900	-0.0069
26.6000	-0.0069
26.6100	-0.0070
26.6200	-0.0070
26.6300	-0.0071
26.6400	-0.0071
26.6500	-0.0072
26.6600	-0.0072
26.6700	-0.0072
26.6800	-0.0072
26.6900	-0.0072
26.7000	-0.0072
26.7100	-0.0072
26.7200	-0.0071
26.7300	-0.0070
26.7400	-0.0069
26.7500	-0.0068
26.7600	-0.0067
26.7700	-0.0066
26.7800	-0.0065
26.7900	-0.0065
26.8000	-0.0064
26.8100	-0.0063
26.8200	-0.0062
26.8300	-0.0061
26.8400	-0.0060
26.8500	-0.0059
26.8600	-0.0057
26.8700	-0.0054
26.8800	-0.0049
26.8900	-0.0043
26.9000	-0.0037
26.9100	-0.0030
26.9200	-0.0023
26.9300	-0.0016
26.9400	-0.0010
26.9500	-0.0005
26.9600	0.0001
26.9700	0.0007
26.9800	0.0012
26.9900	0.0017
27.0000	0.0021
27.0100	0.0025
27.0200	0.0027
27.0300	0.0030
27.0400	0.0031
27.0500	0.0033
27.0600	0.0035
27.0700	0.0037
27.0800	0.0039
27.0900	0.0041
27.1000	0.0043
27.1100	0.0044
27.1200	0.0046
27.1300	0.0048
27.1400	0.0049
27.1500	0.0051
27.1600	0.0052
27.1700	0.0054
27.1800	0.0056
27.1900	0.0057
27.2000	0.0059
27.2100	0.0060
27.2200	0.0062
27.2300	0.0063
27.2400	0.0065
27.2500	0.0066
27.2600	0.0067
27.2700	0.0069
27.2800	0.0070
27.2900	0.0071
27.3000	0.0071
27.3100	0.0070
27.3200	0.0067
27.3300	0.0063
27.3400	0.0058
27.3500	0.0052
27.3600	0.0047
27.3700	0.0042
27.3800	0.0037
27.3900	0.0033
27.4000	0.0029
27.4100	0.0025
27.4200	0.0021
27.4300	0.0017
27.4400	0.0012
27.4500	0.0008
27.4600	0.0005
27.4700	0.0001
27.4800	-0.0003
27.4900	-0.0006
27.5000	-0.0009
27.5100	-0.0013
27.5200	-0.0016
27.5300	-0.0019
27.5400	-0.0022
27.5500	-0.0025
27.5600	-0.0028
27.5700	-0.0031
27.5800	-0.0034
27.5900	-0.0036
27.6000	-0.0039
27.6100	-0.0041
27.6200	-0.0043
27.6300	-0.0044
27.6400	-0.0045
27.6500	-0.0045
27.6600	-0.0044
27.6700	-0.0044
27.6800	-0.0043
27.6900	-0.0043
27.7000	-0.0042
27.7100	-0.0042
27.7200	-0.0042
27.7300	-0.0041
27.7400	-0.0041
27.7500	-0.0041
27.7600	-0.0040
27.7700	-0.0040
27.7800	-0.0040
27.7900	-0.0040
27.8000	-0.0040
27.8100	-0.0040
27.8200	-0.0040
27.8300	-0.0040
27.8400	-0.0040
27.8500	-0.0040
27.8600	-0.0040
27.8700	-0.0040
27.8800	-0.0039
27.8900	-0.0039
27.9000	-0.0039
27.9100	-0.0039
27.9200	-0.0039
27.9300	-0.0038
27.9400	-0.0037
27.9500	-0.0035
27.9600	-0.0033
27.9700	-0.0031
27.9800	-0.0029
27.9900	-0.0026
28.0000	-0.0024
28.0100	-0.0022
28.0200	-0.0020
28.0300	-0.0018
28.0400	-0.0016
28.0500	-0.0014
28.0600	-0.0012
28.0700	-0.0010
28.0800	-0.0007
28.0900	-0.0004
28.1000	0.0002
28.1100	0.0009
28.1200	0.0017
28.1300	0.0026
28.1400	0.0035
28.1500	0.0043
28.1600	0.0052
28.1700	0.0059
28.1800	0.0066
28.1900	0.0071
28.2000	0.0076
28.2100	0.0080
28.2200	0.0083
28.2300	0.0087
28.2400	0.0090
28.2500	0.0093
28.2600	0.0096
28.2700	0.0099
28.2800	0.0101
28.2900	0.0102
28.3000	0.0101
28.3100	0.0099
28.3200	0.0096
28.3300	0.0092
28.3400	0.0088
28.3500	0.0084
28.3600	0.0081
28.3700	0.0078
28.3800	0.0075
28.3900	0.0072
28.4000	0.0069
28.4100	0.0067
28.4200	0.0064
28.4300	0.0063
28.4400	0.0062
28.4500	0.0062
28.4600	0.0062
28.4700	0.0063
28.4800	0.0063
28.4900	0.0063
28.5000	0.0064
28.5100	0.0064
28.5200	0.0063
28.5300	0.0063
28.5400	0.0063
28.5500	0.0063
28.5600	0.0063
28.5700	0.0063
28.5800	0.0062
28.5900	0.0061
28.6000	0.0059
28.6100	0.0058
28.6200	0.0057
28.6300	0.0055
28.6400	0.0054
28.6500	0.0053
28.6600	0.0052
28.6700	0.0050
28.6800	0.0049
28.6900	0.0046
28.7000	0.0043
28.7100	0.0039
28.7200	0.0034
28.7300	0.0029
28.7400	0.0024
28.7500	0.0019
28.7600	0.0015
28.7700	0.0010
28.7800	0.0006
28.7900	0.0002
28.8000	-0.0002
28.8100	-0.0006
28.8200	-0.0010
28.8300	-0.0014
28.8400	-0.0018
28.8500	-0.0022
28.8600	-0.0026
28.8700	-0.0029
28.8800	-0.0033
28.8900	-0.0036
28.9000	-0.0039
28.9100	-0.0043
28.9200	-0.0046
28.9300	-0.0049
28.9400	-0.0052
28.9500	-0.0055
28.9600	-0.0058
28.9700	-0.0061
28.9800	-0.0063
28.9900	-0.0066
29.0000	-0.0069
29.0100	-0.0071
29.0200	-0.0073
29.0300	-0.0076
29.0400	-0.0078
29.0500	-0.0080
29.0600	-0.0083
29.0700	-0.0085
29.0800	-0.0087
29.0900	-0.0089
29.1000	-0.0091
29.1100	-0.0092
29.1200	-0.0094
29.1300	-0.0096
29.1400	-0.0097
29.1500	-0.0097
29.1600	-0.0095
29.1700	-0.0093
29.1800	-0.0090
29.1900	-0.0087
29.2000	-0.0083
29.2100	-0.0080
29.2200	-0.0077
29.2300	-0.0074
29.2400	-0.0071
29.2500	-0.0069
29.2600	-0.0066
29.2700	-0.0064
29.2800	-0.0061
29.2900	-0.0058
29.3000	-0.0056
29.3100	-0.0053
29.3200	-0.0051
29.3300	-0.0048
29.3400	-0.0046
29.3500	-0.0043
29.3600	-0.0041
29.3700	-0.0039
29.3800	-0.0037
29.3900	-0.0036
29.4000	-0.0036
29.4100	-0.0037
29.4200	-0.0039
29.4300	-0.0042
29.4400	-0.0045
29.4500	-0.0048
29.4600	-0.0051
29.4700	-0.0053
29.4800	-0.0055
29.4900	-0.0057
29.5000	-0.0059
29.5100	-0.0061
29.5200	-0.0063
29.5300	-0.0065
29.5400	-0.0067
29.5500	-0.0069
29.5600	-0.0071
29.5700	-0.0072
29.5800	-0.0074
29.5900	-0.0075
29.6000	-0.0077
29.6100	-0.0078
29.6200	-0.0080
29.6300	-0.0081
29.6400	-0.0083
29.6500	-0.0084
29.6600	-0.0085
29.6700	-0.0085
29.6800	-0.0083
29.6900	-0.0079
29.7000	-0.0074
29.7100	-0.0067
29.7200	-0.0060
29.7300	-0.0052
29.7400	-0.0045
29.7500	-0.0039
29.7600	-0.0033
29.7700	-0.0027
29.7800	-0.0021
29.7900	-0.0015
29.8000	-0.0009
29.8100	-0.0004
29.8200	0.0002
29.8300	0.0007
29.8400	0.0013
29.8500	0.0018
29.8600	0.0023
29.8700	0.0028
29.8800	0.0033
29.8900	0.0037
29.9000	0.0042
29.9100	0.0047
29.9200	0.0051
29.9300	0.0055
29.9400	0.0060
29.9500	0.0063
29.9600	0.0067
29.9700	0.0071
29.9800	0.0074
29.9900	0.0078
30.0000	0.0081
30.0100	0.0084
30.0200	0.0088
30.0300	0.0091
30.0400	0.0094
30.0500	0.0097
30.0600	0.0099
30.0700	0.0102
30.0800	0.0105
30.0900	0.0107
30.1000	0.0110
30.1100	0.0112
30.1200	0.0115
30.1300	0.0117
30.1400	0.0119
30.1500	0.0121
30.1600	0.0123
30.1700	0.0125
30.1800	0.0127
30.1900	0.0127
30.2000	0.0127
30.2100	0.0124
30.2200	0.0121
30.2300	0.0117
30.2400	0.0113
30.2500	0.0109
30.2600	0.0105
30.2700	0.0101
30.2800	0.0098
30.2900	0.0095
30.3000	0.0091
30.3100	0.0088
30.3200	0.0085
30.3300	0.0082
30.3400	0.0078
30.3500	0.0075
30.3600	0.0072
30.3700	0.0069
30.3800	0.0066
30.3900	0.0063
30.4000	0.0060
30.4100	0.0057
30.4200	0.0054
30.4300	0.0052
30.4400	0.0049
30.4500	0.0046
30.4600	0.0044
30.4700	0.0041
30.4800	0.0039
30.4900	0.0036
30.5000	0.0034
30.5100	0.0031
30.5200	0.0029
30.5300	0.0026
30.5400	0.0024
30.5500	0.0021
30.5600	0.0018
30.5700	0.0014
30.5800	0.0011
30.5900	0.0008
30.6000	0.0005
30.6100	0.0002
30.6200	-0.0001
30.6300	-0.0004
30.6400	-0.0006
30.6500	-0.0009
30.6600	-0.0012
30.6700	-0.0014
30.6800	-0.0017
30.6900	-0.0019
30.7000	-0.0022
30.7100	-0.0024
30.7200	-0.0027
30.7300	-0.0029
30.7400	-0.0031
30.7500	-0.0033
30.7600	-0.0035
30.7700	-0.0037
30.7800	-0.0039
30.7900	-0.0041
30.8000	-0.0042
30.8100	-0.0042
30.8200	-0.0040
30.8300	-0.0037
30.8400	-0.0034
30.8500	-0.0030
30.8600	-0.0026
30.8700	-0.0022
30.8800	-0.0018
30.8900	-0.0015
30.9000	-0.0012
30.9100	-0.0009
30.9200	-0.0006
30.9300	-0.0003
30.9400	0.0000
30.9500	0.0003
30.9600	0.0006
30.9700	0.0009
30.9800	0.0012
30.9900	0.0014
31.0000	0.0017
31.0100	0.0019
31.0200	0.0021
31.0300	0.0022
31.0400	0.0022
31.0500	0.0020
31.0600	0.0017
31.0700	0.0014
31.0800	0.0011
31.0900	0.0007
31.1000	0.0005
31.1100	0.0002
31.1200	-0.0001
31.1300	-0.0003
31.1400	-0.0005
31.1500	-0.0008
31.1600	-0.0010
31.1700	-0.0013
31.1800	-0.0015
31.1900	-0.0017
31.2000	-0.0019
31.2100	-0.0022
31.2200	-0.0024
31.2300	-0.0026
31.2400	-0.0028
31.2500	-0.0030
31.2600	-0.0032
31.2700	-0.0033
31.2800	-0.0035
31.2900	-0.0037
31.3000	-0.0039
31.3100	-0.0040
31.3200	-0.0042
31.3300	-0.0044
31.3400	-0.0045
31.3500	-0.0047
31.3600	-0.0048
31.3700	-0.0050
31.3800	-0.0051
31.3900	-0.0052
31.4000	-0.0054
31.4100	-0.0055
31.4200	-0.0056
31.4300	-0.0057
31.4400	-0.0058
31.4500	-0.0059
31.4600	-0.0060
31.4700	-0.0061
31.4800	-0.0062
31.4900	-0.0062
31.5000	-0.0061
31.5100	-0.0059
31.5200	-0.0056
31.5300	-0.0053
31.5400	-0.0050
31.5500	-0.0047
31.5600	-0.0045
31.5700	-0.0042
31.5800	-0.0040
31.5900	-0.0038
31.6000	-0.0036
31.6100	-0.0033
31.6200	-0.0031
31.6300	-0.0029
31.6400	-0.0027
31.6500	-0.0025
31.6600	-0.0022
31.6700	-0.0020
31.6800	-0.0018
31.6900	-0.0017
31.7000	-0.0015
31.7100	-0.0013
31.7200	-0.0011
31.7300	-0.0009
31.7400	-0.0007
31.7500	-0.0006
31.7600	-0.0004
31.7700	-0.0002
31.7800	-0.0001
31.7900	0.0001
31.8000	0.0003
31.8100	0.0004
31.8200	0.0006
31.8300	0.0007
31.8400	0.0008
31.8500	0.0010
31.8600	0.0011
31.8700	0.0012
31.8800	0.0014
31.8900	0.0015
31.9000	0.0017
31.9100	0.0018
31.9200	0.0020
31.9300	0.0021
31.9400	0.0022
31.9500	0.0024
31.9600	0.0025
31.9700	0.0026
31.9800	0.0027
31.9900	0.0029
32.0000	0.0030
32.0100	0.0031
32.0200	0.0032
32.0300	0.0033
32.0400	0.0034
32.0500	0.0035
32.0600	0.0036
32.0700	0.0037
32.0800	0.0038
32.0900	0.0039
32.1000	0.0040
32.1100	0.0040
32.1200	0.0041
32.1300	0.0042
32.1400	0.0043
32.1500	0.0043
32.1600	0.0044
32.1700	0.0043
32.1800	0.0042
32.1900	0.0040
32.2000	0.0037
32.2100	0.0034
32.2200	0.0032
32.2300	0.0029
32.2400	0.0027
32.2500	0.0024
32.2600	0.0022
32.2700	0.0020
32.2800	0.0018
32.2900	0.0016
32.3000	0.0013
32.3100	0.0011
32.3200	0.0009
32.3300	0.0007
32.3400	0.0005
32.3500	0.0003
32.3600	0.0001
32.3700	-0.0001
32.3800	-0.0002
32.3900	-0.0004
32.4000	-0.0006
32.4100	-0.0008
32.4200	-0.0009
32.4300	-0.0011
32.4400	-0.0012
32.4500	-0.0014
32.4600	-0.0016
32.4700	-0.0017
32.4800	-0.0018
32.4900	-0.0020
32.5000	-0.0021
32.5100	-0.0023
32.5200	-0.0024
32.5300	-0.0025
32.5400	-0.0027
32.5500	-0.0028
32.5600	-0.0030
32.5700	-0.0032
32.5800	-0.0033
32.5900	-0.0035
32.6000	-0.0036
32.6100	-0.0038
32.6200	-0.0039
32.6300	-0.0040
32.6400	-0.0041
32.6500	-0.0043
32.6600	-0.0044
32.6700	-0.0045
32.6800	-0.0046
32.6900	-0.0047
32.7000	-0.0049
32.7100	-0.0050
32.7200	-0.0051
32.7300	-0.0052
32.7400	-0.0052
32.7500	-0.0053
32.7600	-0.0053
32.7700	-0.0052
32.7800	-0.0051
32.7900	-0.0049
32.8000	-0.0047
32.8100	-0.0045
32.8200	-0.0043
32.8300	-0.0042
32.8400	-0.0040
32.8500	-0.0039
32.8600	-0.0038
32.8700	-0.0036
32.8800	-0.0035
32.8900	-0.0033
32.9000	-0.0032
32.9100	-0.0030
32.9200	-0.0029
32.9300	-0.0028
32.9400	-0.0026
32.9500	-0.0025
32.9600	-0.0024
32.9700	-0.0022
32.9800	-0.0021
32.9900	-0.0020
33.0000	-0.0019
33.0100	-0.0018
33.0200	-0.0016
33.0300	-0.0015
33.0400	-0.0014
33.0500	-0.0013
33.0600	-0.0012
33.0700	-0.0011
33.0800	-0.0010
33.0900	-0.0009
33.1000	-0.0008
33.1100	-0.0007
33.1200	-0.0006
33.1300	-0.0005
33.1400	-0.0004
33.1500	-0.0003
33.1600	-0.0002
33.1700	-0.0001
33.1800	-0.0001
33.1900	0.0000
33.2000	0.0001
33.2100	0.0002
33.2200	0.0003
33.2300	0.0003
33.2400	0.0004
33.2500	0.0005
33.2600	0.0005
33.2700	0.0006
33.2800	0.0007
33.2900	0.0007
33.3000	0.0008
33.3100	0.0009
33.3200	0.0009
33.3300	0.0010
33.3400	0.0010
33.3500	0.0011
33.3600	0.0012
33.3700	0.0012
33.3800	0.0013
33.3900	0.0013
33.4000	0.0014
33.4100	0.0014
33.4200	0.0015
33.4300	0.0015
33.4400	0.0015
33.4500	0.0016
33.4600	0.0016
33.4700	0.0017
33.4800	0.0017
33.4900	0.0018
33.5000	0.0018
33.5100	0.0018
33.5200	0.0019
33.5300	0.0019
33.5400	0.0019
33.5500	0.0020
33.5600	0.0020
33.5700	0.0020
33.5800	0.0021
33.5900	0.0022
33.6000	0.0022
33.6100	0.0023
33.6200	0.0024
33.6300	0.0024
33.6400	0.0025
33.6500	0.0026
33.6600	0.0026
33.6700	0.0027
33.6800	0.0027
33.6900	0.0028
33.7000	0.0028
33.7100	0.0029
33.7200	0.0029
33.7300	0.0030
33.7400	0.0030
33.7500	0.0031
33.7600	0.0031
33.7700	0.0031
33.7800	0.0032
33.7900	0.0032
33.8000	0.0033
33.8100	0.0033
33.8200	0.0033
33.8300	0.0033
33.8400	0.0033
33.8500	0.0034
33.8600	0.0034
33.8700	0.0034
33.8800	0.0034
33.8900	0.0034
33.9000	0.0034
33.9100	0.0034
33.9200	0.0034
33.9300	0.0034
33.9400	0.0035
33.9500	0.0035
33.9600	0.0035
33.9700	0.0035
33.9800	0.0035
33.9900	0.0035
34.0000	0.0035
34.0100	0.0034
34.0200	0.0034
34.0300	0.0032
34.0400	0.0030
34.0500	0.0027
34.0600	0.0024
34.0700	0.0020
34.0800	0.0017
34.0900	0.0014
34.1000	0.0011
34.1100	0.0008
34.1200	0.0006
34.1300	0.0003
34.1400	0.0000
34.1500	-0.0002
34.1600	-0.0005
34.1700	-0.0007
34.1800	-0.0010
34.1900	-0.0012
34.2000	-0.0015
34.2100	-0.0017
34.2200	-0.0019
34.2300	-0.0021
34.2400	-0.0024
34.2500	-0.0026
34.2600	-0.0029
34.2700	-0.0032
34.2800	-0.0035
34.2900	-0.0038
34.3000	-0.0041
34.3100	-0.0043
34.3200	-0.0046
34.3300	-0.0048
34.3400	-0.0051
34.3500	-0.0053
34.3600	-0.0056
34.3700	-0.0058
34.3800	-0.0060
34.3900	-0.0062
34.4000	-0.0064
34.4100	-0.0066
34.4200	-0.0068
34.4300	-0.0069
34.4400	-0.0069
34.4500	-0.0068
34.4600	-0.0066
34.4700	-0.0063
34.4800	-0.0060
34.4900	-0.0057
34.5000	-0.0055
34.5100	-0.0052
34.5200	-0.0050
34.5300	-0.0048
34.5400	-0.0045
34.5500	-0.0043
34.5600	-0.0041
34.5700	-0.0039
34.5800	-0.0036
34.5900	-0.0034
34.6000	-0.0032
34.6100	-0.0030
34.6200	-0.0028
34.6300	-0.0026
34.6400	-0.0024
34.6500	-0.0022
34.6600	-0.0020
34.6700	-0.0018
34.6800	-0.0016
34.6900	-0.0015
34.7000	-0.0013
34.7100	-0.0011
34.7200	-0.0009
34.7300	-0.0008
34.7400	-0.0006
34.7500	-0.0004
34.7600	-0.0002
34.7700	-0.0000
34.7800	0.0002
34.7900	0.0004
34.8000	0.0006
34.8100	0.0007
34.8200	0.0009
34.8300	0.0011
34.8400	0.0012
34.8500	0.0014
34.8600	0.0015
34.8700	0.0017
34.8800	0.0018
34.8900	0.0020
34.9000	0.0021
34.9100	0.0023
34.9200	0.0024
34.9300	0.0025
34.9400	0.0027
34.9500	0.0028
34.9600	0.0028
34.9700	0.0028
34.9800	0.0028
34.9900	0.0026
35.0000	0.0025
35.0100	0.0024
35.0200	0.0022
35.0300	0.0021
35.0400	0.0020
35.0500	0.0019
35.0600	0.0018
35.0700	0.0017
35.0800	0.0016
35.0900	0.0015
35.1000	0.0014
35.1100	0.0013
35.1200	0.0012
35.1300	0.0011
35.1400	0.0011
35.1500	0.0010
35.1600	0.0009
35.1700	0.0008
35.1800	0.0007
35.1900	0.0006
35.2000	0.0005
35.2100	0.0004
35.2200	0.0003
35.2300	0.0002
35.2400	0.0000
35.2500	-0.0001
35.2600	-0.0002
35.2700	-0.0003
35.2800	-0.0004
35.2900	-0.0006
35.3000	-0.0007
35.3100	-0.0008
35.3200	-0.0009
35.3300	-0.0010
35.3400	-0.0011
35.3500	-0.0012
35.3600	-0.0013
35.3700	-0.0013
35.3800	-0.0013
35.3900	-0.0012
35.4000	-0.0011
35.4100	-0.0010
35.4200	-0.0008
35.4300	-0.0006
35.4400	-0.0005
35.4500	-0.0003
35.4600	-0.0002
35.4700	-0.0001
35.4800	0.0000
35.4900	0.0002
35.5000	0.0003
35.5100	0.0004
35.5200	0.0005
35.5300	0.0007
35.5400	0.0008
35.5500	0.0008
35.5600	0.0008
35.5700	0.0008
35.5800	0.0006
35.5900	0.0005
35.6000	0.0003
35.6100	0.0002
35.6200	0.0000
35.6300	-0.0001
35.6400	-0.0002
35.6500	-0.0003
35.6600	-0.0004
35.6700	-0.0006
35.6800	-0.0007
35.6900	-0.0008
35.7000	-0.0009
35.7100	-0.0010
35.7200	-0.0011
35.7300	-0.0012
35.7400	-0.0013
35.7500	-0.0013
35.7600	-0.0013
35.7700	-0.0012
35.7800	-0.0010
35.7900	-0.0008
35.8000	-0.0006
35.8100	-0.0003
35.8200	-0.0001
35.8300	0.0001
35.8400	0.0003
35.8500	0.0005
35.8600	0.0007
35.8700	0.0009
35.8800	0.0011
35.8900	0.0013
35.9000	0.0015
35.9100	0.0016
35.9200	0.0018
35.9300	0.0020
35.9400	0.0022
35.9500	0.0023
35.9600	0.0025
35.9700	0.0026
35.9800	0.0030
35.9900	0.0032
36.0000	0.0033
36.0100	0.0035
36.0200	0.0036
36.0300	0.0037
36.0400	0.0036
36.0500	0.0035
36.0600	0.0034
36.0700	0.0032
36.0800	0.0029
36.0900	0.0027
36.1000	0.0025
36.1100	0.0024
36.1200	0.0022
36.1300	0.0020
36.1400	0.0019
36.1500	0.0017
36.1600	0.0015
36.1700	0.0014
36.1800	0.0012
36.1900	0.0011
36.2000	0.0009
36.2100	0.0008
36.2200	0.0006
36.2300	0.0005
36.2400	0.0004
36.2500	0.0002
36.2600	0.0001
36.2700	-0.0000
36.2800	-0.0001
36.2900	-0.0003
36.3000	-0.0004
36.3100	-0.0005
36.3200	-0.0006
36.3300	-0.0006
36.3400	-0.0005
36.3500	-0.0004
36.3600	-0.0002
36.3700	-0.0000
36.3800	0.0002
36.3900	0.0004
36.4000	0.0005
36.4100	0.0007
36.4200	0.0008
36.4300	0.0010
36.4400	0.0011
36.4500	0.0013
36.4600	0.0014
36.4700	0.0015
36.4800	0.0017
36.4900	0.0018
36.5000	0.0019
36.5100	0.0020
36.5200	0.0022
36.5300	0.0023
36.5400	0.0024
36.5500	0.0025
36.5600	0.0026
36.5700	0.0027
36.5800	0.0028
36.5900	0.0028
36.6000	0.0029
36.6100	0.0030
36.6200	0.0031
36.6300	0.0031
36.6400	0.0032
36.6500	0.0033
36.6600	0.0033
36.6700	0.0034
36.6800	0.0034
36.6900	0.0035
36.7000	0.0035
36.7100	0.0035
36.7200	0.0035
36.7300	0.0034
36.7400	0.0033
36.7500	0.0030
36.7600	0.0027
36.7700	0.0024
36.7800	0.0021
36.7900	0.0018
36.8000	0.0015
36.8100	0.0013
36.8200	0.0010
36.8300	0.0008
36.8400	0.0006
36.8500	0.0003
36.8600	0.0001
36.8700	-0.0001
36.8800	-0.0003
36.8900	-0.0005
36.9000	-0.0007
36.9100	-0.0009
36.9200	-0.0011
36.9300	-0.0012
36.9400	-0.0014
36.9500	-0.0016
36.9600	-0.0017
36.9700	-0.0019
36.9800	-0.0020
36.9900	-0.0022
37.0000	-0.0023
37.0100	-0.0024
37.0200	-0.0025
37.0300	-0.0027
37.0400	-0.0027
37.0500	-0.0027
37.0600	-0.0027
37.0700	-0.0025
37.0800	-0.0022
37.0900	-0.0019
37.1000	-0.0016
37.1100	-0.0013
37.1200	-0.0010
37.1300	-0.0008
37.1400	-0.0006
37.1500	-0.0003
37.1600	-0.0001
37.1700	0.0001
37.1800	0.0003
37.1900	0.0005
37.2000	0.0007
37.2100	0.0009
37.2200	0.0011
37.2300	0.0013
37.2400	0.0014
37.2500	0.0015
37.2600	0.0016
37.2700	0.0016
37.2800	0.0016
37.2900	0.0015
37.3000	0.0014
37.3100	0.0013
37.3200	0.0013
37.3300	0.0012
37.3400	0.0011
37.3500	0.0011
37.3600	0.0010
37.3700	0.0009
37.3800	0.0009
37.3900	0.0008
37.4000	0.0007
37.4100	0.0007
37.4200	0.0006
37.4300	0.0006
37.4400	0.0005
37.4500	0.0005
37.4600	0.0004
37.4700	0.0004
37.4800	0.0003
37.4900	0.0003
37.5000	0.0002
37.5100	0.0002
37.5200	0.0001
37.5300	0.0000
37.5400	-0.0001
37.5500	-0.0002
37.5600	-0.0003
37.5700	-0.0004
37.5800	-0.0005
37.5900	-0.0007
37.6000	-0.0008
37.6100	-0.0009
37.6200	-0.0010
37.6300	-0.0011
37.6400	-0.0012
37.6500	-0.0012
37.6600	-0.0013
37.6700	-0.0014
37.6800	-0.0015
37.6900	-0.0015
37.7000	-0.0016
37.7100	-0.0017
37.7200	-0.0017
37.7300	-0.0018
37.7400	-0.0018
37.7500	-0.0018
37.7600	-0.0018
37.7700	-0.0017
37.7800	-0.0017
37.7900	-0.0017
37.8000	-0.0016
37.8100	-0.0016
37.8200	-0.0016
37.8300	-0.0015
37.8400	-0.0015
37.8500	-0.0015
37.8600	-0.0015
37.8700	-0.0014
37.8800	-0.0014
37.8900	-0.0014
37.9000	-0.0013
37.9100	-0.0013
37.9200	-0.0013
37.9300	-0.0012
37.9400	-0.0012
37.9500	-0.0012
37.9600	-0.0011
37.9700	-0.0011
37.9800	-0.0011
37.9900	-0.0010
38.0000	-0.0010
38.0100	-0.0009
38.0200	-0.0007
38.0300	-0.0006
38.0400	-0.0005
38.0500	-0.0003
38.0600	-0.0002
38.0700	-0.0001
38.0800	-0.0000
38.0900	0.0001
38.1000	0.0002
38.1100	0.0002
38.1200	0.0003
38.1300	0.0004
38.1400	0.0005
38.1500	0.0005
38.1600	0.0006
38.1700	0.0006
38.1800	0.0007
38.1900	0.0007
38.2000	0.0007
38.2100	0.0008
38.2200	0.0007
38.2300	0.0007
38.2400	0.0007
38.2500	0.0007
38.2600	0.0006
38.2700	0.0006
38.2800	0.0006
38.2900	0.0005
38.3000	0.0005
38.3100	0.0005
38.3200	0.0005
38.3300	0.0004
38.3400	0.0004
38.3500	0.0004
38.3600	0.0003
38.3700	0.0003
38.3800	0.0003
38.3900	0.0003
38.4000	0.0002
38.4100	0.0002
38.4200	0.0002
38.4300	0.0001
38.4400	0.0001
38.4500	0.0001
38.4600	0.0001
38.4700	0.0000
38.4800	-0.0000
38.4900	-0.0000
38.5000	-0.0001
38.5100	-0.0001
38.5200	-0.0002
38.5300	-0.0003
38.5400	-0.0003
38.5500	-0.0004
38.5600	-0.0005
38.5700	-0.0006
38.5800	-0.0006
38.5900	-0.0007
38.6000	-0.0007
38.6100	-0.0008
38.6200	-0.0008
38.6300	-0.0008
38.6400	-0.0009
38.6500	-0.0009
38.6600	-0.0009
38.6700	-0.0009
38.6800	-0.0010
38.6900	-0.0010
38.7000	-0.0010
38.7100	-0.0010
38.7200	-0.0010
38.7300	-0.0010
38.7400	-0.0010
38.7500	-0.0010
38.7600	-0.0010
38.7700	-0.0010
38.7800	-0.0009
38.7900	-0.0009
38.8000	-0.0009
38.8100	-0.0008
38.8200	-0.0008
38.8300	-0.0008
38.8400	-0.0007
38.8500	-0.0007
38.8600	-0.0007
38.8700	-0.0007
38.8800	-0.0006
38.8900	-0.0006
38.9000	-0.0006
38.9100	-0.0005
38.9200	-0.0005
38.9300	-0.0005
38.9400	-0.0005
38.9500	-0.0004
38.9600	-0.0004
38.9700	-0.0004
38.9800	-0.0004
38.9900	-0.0003
39.0000	-0.0003
39.0100	-0.0003
39.0200	-0.0003
39.0300	-0.0002
39.0400	-0.0002
39.0500	-0.0002
39.0600	-0.0001
39.0700	-0.0001
39.0800	-0.0001
39.0900	-0.0001
39.1000	-0.0000
39.1100	-0.0000
39.1200	0.0000
39.1300	0.0000
39.1400	0.0000
39.1500	0.0000
39.1600	0.0001
39.1700	0.0001
39.1800	0.0001
39.1900	0.0001
39.2000	0.0001
39.2100	0.0001
39.2200	0.0001
39.2300	0.0001
39.2400	0.0001
39.2500	0.0001
39.2600	0.0001
39.2700	0.0001
39.2800	0.0001
39.2900	0.0001
39.3000	0.0001
39.3100	0.0001
39.3200	0.0001
39.3300	0.0001
39.3400	0.0001
39.3500	0.0001
39.3600	0.0001
39.3700	0.0001
39.3800	0.0001
39.3900	0.0001
39.4000	0.0001
39.4100	0.0001
39.4200	0.0001
39.4300	0.0001
39.4400	0.0001
39.4500	0.0001
39.4600	0.0001
39.4700	0.0001
39.4800	0.0001
39.4900	0.0001
39.5000	0.0001
39.5100	0.0001
39.5200	0.0001
39.5300	0.0001
39.5400	0.0001
39.5500	0.0001
39.5600	0.0000
39.5700	0.0000
39.5800	0.0000
39.5900	0.0000
39.6000	0.0000
39.6100	0.0000
39.6200	0.0000
39.6300	0.0000
39.6400	0.0000
39.6500	0.0001
39.6600	0.0001
39.6700	0.0001
39.6800	0.0001
39.6900	0.0001
39.7000	0.0001
39.7100	0.0001
39.7200	0.0001
39.7300	0.0001
39.7400	0.0001
39.7500	0.0001
39.7600	0.0001
39.7700	0.0001
39.7800	0.0001
39.7900	0.0001
39.8000	0.0001
39.8100	0.0001
39.8200	0.0001
39.8300	0.0001
39.8400	0.0001
39.8500	0.0001
39.8600	0.0001
39.8700	0.0001
39.8800	0.0001
39.8900	0.0001
39.9000	0.0001
39.9100	0.0001
39.9200	0.0001
39.9300	0.0001