The Imperial Valley (USA) earthquake of October 15, 1979.
Source: PEER Strong Motion Database
Recording station: USGS STATION 5115
Frequency range: 0.1-40.0 Hz
Time[s] Accel[g]
0.0000	-0.0002
0.0100	-0.0002
0.0200	-0.0002
0.0300	-0.0002
0.0400	-0.0003
0.0500	-0.0004
0.0600	-0.0005
0.0700	-0.0005
0.0800	-0.0005
0.0900	-0.0005
0.1000	-0.0005
0.1100	-0.0003
0.1200	-0.0001
0.1300	-0.0000
0.1400	0.0000
0.1500	0.0000
0.1600	0.0000
0.1700	0.0000
0.1800	-0.0000
0.1900	-0.0000
0.2000	-0.0001
0.2100	-0.0001
0.2200	-0.0001
0.2300	-0.0000
0.2400	-0.0001
0.2500	-0.0001
0.2600	0.0000
0.2700	0.0001
0.2800	0.0001
0.2900	0.0001
0.3000	0.0000
0.3100	-0.0000
0.3200	0.0001
0.3300	0.0002
0.3400	0.0002
0.3500	0.0001
0.3600	0.0000
0.3700	0.0000
0.3800	0.0002
0.3900	0.0001
0.4000	-0.0001
0.4100	-0.0003
0.4200	-0.0001
0.4300	0.0001
0.4400	-0.0001
0.4500	-0.0003
0.4600	-0.0003
0.4700	0.0001
0.4800	0.0007
0.4900	0.0011
0.5000	0.0007
0.5100	-0.0000
0.5200	0.0002
0.5300	0.0010
0.5400	0.0004
0.5500	-0.0010
0.5600	-0.0010
0.5700	0.0003
0.5800	0.0009
0.5900	0.0006
0.6000	0.0002
0.6100	-0.0000
0.6200	0.0004
0.6300	0.0005
0.6400	-0.0003
0.6500	-0.0013
0.6600	-0.0003
0.6700	0.0009
0.6800	0.0004
0.6900	-0.0005
0.7000	-0.0008
0.7100	-0.0008
0.7200	-0.0004
0.7300	0.0001
0.7400	-0.0001
0.7500	-0.0007
0.7600	-0.0008
0.7700	0.0002
0.7800	0.0013
0.7900	0.0006
0.8000	-0.0012
0.8100	-0.0022
0.8200	-0.0008
0.8300	0.0009
0.8400	0.0016
0.8500	0.0003
0.8600	-0.0015
0.8700	-0.0020
0.8800	-0.0013
0.8900	-0.0012
0.9000	-0.0016
0.9100	-0.0021
0.9200	-0.0027
0.9300	-0.0027
0.9400	-0.0006
0.9500	0.0021
0.9600	0.0035
0.9700	0.0034
0.9800	0.0027
0.9900	0.0017
1.0000	-0.0002
1.0100	-0.0026
1.0200	-0.0032
1.0300	-0.0013
1.0400	0.0017
1.0500	0.0031
1.0600	0.0015
1.0700	0.0002
1.0800	0.0012
1.0900	0.0016
1.1000	-0.0009
1.1100	-0.0045
1.1200	-0.0048
1.1300	-0.0013
1.1400	-0.0005
1.1500	-0.0014
1.1600	0.0009
1.1700	0.0033
1.1800	0.0040
1.1900	0.0021
1.2000	-0.0004
1.2100	-0.0013
1.2200	-0.0011
1.2300	-0.0003
1.2400	0.0010
1.2500	0.0022
1.2600	0.0017
1.2700	-0.0004
1.2800	-0.0024
1.2900	-0.0046
1.3000	-0.0067
1.3100	-0.0064
1.3200	-0.0036
1.3300	0.0006
1.3400	0.0049
1.3500	0.0055
1.3600	0.0040
1.3700	0.0030
1.3800	0.0018
1.3900	-0.0010
1.4000	-0.0064
1.4100	-0.0107
1.4200	-0.0064
1.4300	0.0030
1.4400	0.0086
1.4500	0.0064
1.4600	0.0006
1.4700	-0.0030
1.4800	-0.0033
1.4900	-0.0042
1.5000	-0.0061
1.5100	-0.0029
1.5200	0.0042
1.5300	0.0073
1.5400	0.0086
1.5500	0.0092
1.5600	0.0043
1.5700	-0.0020
1.5800	-0.0037
1.5900	-0.0027
1.6000	-0.0020
1.6100	-0.0051
1.6200	-0.0048
1.6300	0.0027
1.6400	0.0073
1.6500	0.0050
1.6600	0.0009
1.6700	-0.0026
1.6800	-0.0029
1.6900	-0.0029
1.7000	-0.0064
1.7100	-0.0084
1.7200	-0.0041
1.7300	0.0019
1.7400	0.0059
1.7500	0.0056
1.7600	0.0015
1.7700	-0.0005
1.7800	0.0028
1.7900	0.0032
1.8000	0.0026
1.8100	0.0037
1.8200	0.0026
1.8300	-0.0016
1.8400	-0.0028
1.8500	0.0017
1.8600	0.0035
1.8700	-0.0029
1.8800	-0.0109
1.8900	-0.0129
1.9000	-0.0098
1.9100	-0.0078
1.9200	-0.0052
1.9300	0.0019
1.9400	0.0130
1.9500	0.0189
1.9600	0.0131
1.9700	0.0002
1.9800	-0.0073
1.9900	-0.0066
2.0000	-0.0030
2.0100	0.0018
2.0200	0.0075
2.0300	0.0110
2.0400	0.0089
2.0500	0.0014
2.0600	-0.0096
2.0700	-0.0184
2.0800	-0.0153
2.0900	-0.0041
2.1000	0.0023
2.1100	0.0088
2.1200	0.0158
2.1300	0.0169
2.1400	0.0094
2.1500	-0.0025
2.1600	-0.0088
2.1700	-0.0103
2.1800	-0.0074
2.1900	-0.0035
2.2000	0.0004
2.2100	0.0034
2.2200	0.0064
2.2300	0.0100
2.2400	0.0095
2.2500	0.0013
2.2600	-0.0141
2.2700	-0.0249
2.2800	-0.0243
2.2900	-0.0181
2.3000	-0.0113
2.3100	-0.0025
2.3200	0.0082
2.3300	0.0145
2.3400	0.0151
2.3500	0.0137
2.3600	0.0061
2.3700	-0.0062
2.3800	-0.0122
2.3900	-0.0107
2.4000	-0.0070
2.4100	-0.0091
2.4200	-0.0133
2.4300	-0.0122
2.4400	-0.0043
2.4500	0.0020
2.4600	0.0018
2.4700	0.0029
2.4800	0.0080
2.4900	0.0147
2.5000	0.0148
2.5100	0.0083
2.5200	0.0049
2.5300	0.0048
2.5400	0.0093
2.5500	0.0121
2.5600	0.0064
2.5700	-0.0019
2.5800	-0.0023
2.5900	0.0024
2.6000	0.0018
2.6100	-0.0043
2.6200	-0.0086
2.6300	-0.0054
2.6400	0.0004
2.6500	0.0042
2.6600	0.0066
2.6700	0.0003
2.6800	-0.0083
2.6900	-0.0072
2.7000	-0.0023
2.7100	-0.0024
2.7200	-0.0061
2.7300	-0.0084
2.7400	-0.0063
2.7500	-0.0023
2.7600	-0.0016
2.7700	-0.0019
2.7800	0.0010
2.7900	0.0019
2.8000	0.0014
2.8100	0.0009
2.8200	-0.0028
2.8300	-0.0081
2.8400	-0.0098
2.8500	-0.0069
2.8600	-0.0001
2.8700	0.0066
2.8800	0.0125
2.8900	0.0161
2.9000	0.0102
2.9100	-0.0033
2.9200	-0.0147
2.9300	-0.0212
2.9400	-0.0156
2.9500	0.0009
2.9600	0.0151
2.9700	0.0188
2.9800	0.0153
2.9900	0.0099
3.0000	0.0057
3.0100	0.0032
3.0200	-0.0005
3.0300	-0.0073
3.0400	-0.0100
3.0500	0.0003
3.0600	0.0102
3.0700	0.0129
3.0800	0.0112
3.0900	0.0078
3.1000	0.0035
3.1100	-0.0031
3.1200	-0.0063
3.1300	-0.0021
3.1400	0.0013
3.1500	-0.0010
3.1600	-0.0010
3.1700	0.0046
3.1800	0.0084
3.1900	0.0073
3.2000	0.0055
3.2100	0.0012
3.2200	-0.0037
3.2300	-0.0091
3.2400	-0.0165
3.2500	-0.0200
3.2600	-0.0121
3.2700	0.0006
3.2800	0.0074
3.2900	0.0067
3.3000	0.0035
3.3100	0.0019
3.3200	0.0066
3.3300	0.0070
3.3400	0.0009
3.3500	-0.0019
3.3600	-0.0024
3.3700	-0.0039
3.3800	-0.0090
3.3900	-0.0162
3.4000	-0.0187
3.4100	-0.0123
3.4200	-0.0038
3.4300	-0.0002
3.4400	0.0030
3.4500	0.0123
3.4600	0.0274
3.4700	0.0360
3.4800	0.0298
3.4900	0.0156
3.5000	0.0014
3.5100	-0.0091
3.5200	-0.0103
3.5300	-0.0093
3.5400	-0.0116
3.5500	-0.0068
3.5600	0.0042
3.5700	0.0136
3.5800	0.0184
3.5900	0.0194
3.6000	0.0215
3.6100	0.0203
3.6200	0.0121
3.6300	-0.0031
3.6400	-0.0186
3.6500	-0.0212
3.6600	-0.0091
3.6700	-0.0036
3.6800	-0.0006
3.6900	0.0074
3.7000	0.0124
3.7100	0.0110
3.7200	0.0103
3.7300	0.0130
3.7400	0.0060
3.7500	-0.0080
3.7600	-0.0149
3.7700	-0.0135
3.7800	-0.0106
3.7900	-0.0094
3.8000	-0.0055
3.8100	-0.0002
3.8200	0.0011
3.8300	0.0064
3.8400	0.0178
3.8500	0.0199
3.8600	0.0104
3.8700	0.0017
3.8800	-0.0039
3.8900	-0.0098
3.9000	-0.0153
3.9100	-0.0172
3.9200	-0.0154
3.9300	-0.0102
3.9400	-0.0042
3.9500	-0.0001
3.9600	0.0030
3.9700	0.0065
3.9800	0.0067
3.9900	0.0029
4.0000	0.0027
4.0100	0.0081
4.0200	0.0135
4.0300	0.0149
4.0400	0.0159
4.0500	0.0189
4.0600	0.0184
4.0700	0.0105
4.0800	-0.0038
4.0900	-0.0121
4.1000	-0.0101
4.1100	-0.0034
4.1200	-0.0005
4.1300	-0.0032
4.1400	-0.0077
4.1500	-0.0098
4.1600	-0.0047
4.1700	0.0093
4.1800	0.0180
4.1900	0.0122
4.2000	0.0046
4.2100	0.0096
4.2200	0.0188
4.2300	0.0200
4.2400	0.0107
4.2500	-0.0027
4.2600	-0.0132
4.2700	-0.0168
4.2800	-0.0126
4.2900	-0.0098
4.3000	-0.0088
4.3100	-0.0022
4.3200	0.0050
4.3300	0.0088
4.3400	0.0090
4.3500	0.0066
4.3600	0.0054
4.3700	0.0059
4.3800	0.0057
4.3900	0.0041
4.4000	0.0065
4.4100	0.0112
4.4200	0.0130
4.4300	0.0110
4.4400	0.0058
4.4500	-0.0026
4.4600	-0.0114
4.4700	-0.0109
4.4800	0.0018
4.4900	0.0052
4.5000	-0.0065
4.5100	-0.0143
4.5200	-0.0069
4.5300	0.0037
4.5400	0.0055
4.5500	0.0027
4.5600	-0.0020
4.5700	-0.0052
4.5800	-0.0038
4.5900	0.0006
4.6000	0.0050
4.6100	0.0069
4.6200	0.0061
4.6300	0.0057
4.6400	0.0007
4.6500	-0.0079
4.6600	-0.0137
4.6700	-0.0160
4.6800	-0.0121
4.6900	-0.0069
4.7000	-0.0078
4.7100	-0.0100
4.7200	-0.0024
4.7300	0.0112
4.7400	0.0176
4.7500	0.0154
4.7600	0.0082
4.7700	-0.0007
4.7800	-0.0057
4.7900	-0.0010
4.8000	0.0079
4.8100	0.0148
4.8200	0.0152
4.8300	0.0095
4.8400	0.0041
4.8500	-0.0001
4.8600	-0.0083
4.8700	-0.0172
4.8800	-0.0235
4.8900	-0.0208
4.9000	-0.0080
4.9100	0.0029
4.9200	0.0084
4.9300	0.0129
4.9400	0.0142
4.9500	0.0107
4.9600	0.0053
4.9700	0.0029
4.9800	0.0086
4.9900	0.0160
5.0000	0.0167
5.0100	0.0041
5.0200	-0.0132
5.0300	-0.0224
5.0400	-0.0243
5.0500	-0.0214
5.0600	-0.0181
5.0700	-0.0166
5.0800	-0.0142
5.0900	-0.0115
5.1000	-0.0052
5.1100	0.0063
5.1200	0.0158
5.1300	0.0203
5.1400	0.0176
5.1500	0.0115
5.1600	0.0074
5.1700	0.0003
5.1800	-0.0081
5.1900	-0.0154
5.2000	-0.0194
5.2100	-0.0197
5.2200	-0.0177
5.2300	-0.0159
5.2400	-0.0161
5.2500	-0.0114
5.2600	-0.0002
5.2700	0.0050
5.2800	0.0011
5.2900	-0.0027
5.3000	-0.0018
5.3100	-0.0009
5.3200	-0.0002
5.3300	0.0026
5.3400	0.0080
5.3500	0.0181
5.3600	0.0301
5.3700	0.0357
5.3800	0.0283
5.3900	0.0108
5.4000	-0.0079
5.4100	-0.0230
5.4200	-0.0301
5.4300	-0.0230
5.4400	-0.0142
5.4500	-0.0098
5.4600	-0.0061
5.4700	0.0008
5.4800	0.0039
5.4900	-0.0008
5.5000	-0.0078
5.5100	-0.0062
5.5200	0.0029
5.5300	0.0086
5.5400	0.0063
5.5500	-0.0076
5.5600	-0.0221
5.5700	-0.0262
5.5800	-0.0249
5.5900	-0.0254
5.6000	-0.0298
5.6100	-0.0328
5.6200	-0.0277
5.6300	-0.0212
5.6400	-0.0143
5.6500	-0.0069
5.6600	-0.0050
5.6700	-0.0099
5.6800	-0.0174
5.6900	-0.0229
5.7000	-0.0227
5.7100	-0.0126
5.7200	-0.0010
5.7300	0.0044
5.7400	0.0081
5.7500	0.0136
5.7600	0.0135
5.7700	0.0022
5.7800	-0.0119
5.7900	-0.0198
5.8000	-0.0162
5.8100	-0.0033
5.8200	0.0073
5.8300	0.0187
5.8400	0.0331
5.8500	0.0364
5.8600	0.0250
5.8700	0.0140
5.8800	0.0140
5.8900	0.0205
5.9000	0.0254
5.9100	0.0259
5.9200	0.0237
5.9300	0.0191
5.9400	0.0125
5.9500	0.0079
5.9600	0.0083
5.9700	0.0106
5.9800	0.0080
5.9900	-0.0045
6.0000	-0.0224
6.0100	-0.0312
6.0200	-0.0307
6.0300	-0.0278
6.0400	-0.0188
6.0500	-0.0052
6.0600	0.0020
6.0700	0.0043
6.0800	0.0069
6.0900	-0.0040
6.1000	-0.0329
6.1100	-0.0556
6.1200	-0.0666
6.1300	-0.0672
6.1400	-0.0617
6.1500	-0.0519
6.1600	-0.0321
6.1700	-0.0052
6.1800	0.0285
6.1900	0.0523
6.2000	0.0583
6.2100	0.0378
6.2200	-0.0003
6.2300	-0.0338
6.2400	-0.0503
6.2500	-0.0530
6.2600	-0.0522
6.2700	-0.0532
6.2800	-0.0472
6.2900	-0.0198
6.3000	0.0168
6.3100	0.0357
6.3200	0.0433
6.3300	0.0556
6.3400	0.0636
6.3500	0.0622
6.3600	0.0568
6.3700	0.0476
6.3800	0.0345
6.3900	0.0270
6.4000	0.0355
6.4100	0.0642
6.4200	0.0907
6.4300	0.0927
6.4400	0.0756
6.4500	0.0354
6.4600	-0.0242
6.4700	-0.0793
6.4800	-0.0946
6.4900	-0.0741
6.5000	-0.0431
6.5100	-0.0213
6.5200	-0.0255
6.5300	-0.0699
6.5400	-0.1208
6.5500	-0.1406
6.5600	-0.1283
6.5700	-0.0968
6.5800	-0.0553
6.5900	-0.0028
6.6000	0.0585
6.6100	0.1036
6.6200	0.1255
6.6300	0.1267
6.6400	0.1175
6.6500	0.1023
6.6600	0.0793
6.6700	0.0495
6.6800	0.0301
6.6900	0.0134
6.7000	-0.0132
6.7100	-0.0313
6.7200	-0.0294
6.7300	-0.0167
6.7400	-0.0079
6.7500	-0.0091
6.7600	-0.0225
6.7700	-0.0423
6.7800	-0.0569
6.7900	-0.0632
6.8000	-0.0593
6.8100	-0.0447
6.8200	-0.0267
6.8300	-0.0129
6.8400	-0.0065
6.8500	-0.0071
6.8600	-0.0061
6.8700	0.0035
6.8800	0.0191
6.8900	0.0317
6.9000	0.0333
6.9100	0.0265
6.9200	0.0209
6.9300	0.0291
6.9400	0.0530
6.9500	0.0789
6.9600	0.0894
6.9700	0.0826
6.9800	0.0641
6.9900	0.0399
7.0000	0.0142
7.0100	-0.0073
7.0200	-0.0177
7.0300	-0.0139
7.0400	-0.0086
7.0500	-0.0256
7.0600	-0.0614
7.0700	-0.0951
7.0800	-0.1181
7.0900	-0.1165
7.1000	-0.0860
7.1100	-0.0476
7.1200	-0.0104
7.1300	0.0185
7.1400	0.0311
7.1500	0.0296
7.1600	0.0139
7.1700	-0.0106
7.1800	-0.0315
7.1900	-0.0398
7.2000	-0.0355
7.2100	-0.0237
7.2200	-0.0088
7.2300	0.0067
7.2400	0.0207
7.2500	0.0329
7.2600	0.0445
7.2700	0.0598
7.2800	0.0729
7.2900	0.0784
7.3000	0.0706
7.3100	0.0402
7.3200	-0.0015
7.3300	-0.0348
7.3400	-0.0568
7.3500	-0.0731
7.3600	-0.0860
7.3700	-0.0902
7.3800	-0.0750
7.3900	-0.0497
7.4000	-0.0302
7.4100	-0.0171
7.4200	-0.0089
7.4300	-0.0087
7.4400	-0.0139
7.4500	-0.0250
7.4600	-0.0483
7.4700	-0.0751
7.4800	-0.0865
7.4900	-0.0921
7.5000	-0.0937
7.5100	-0.0816
7.5200	-0.0604
7.5300	-0.0382
7.5400	-0.0138
7.5500	0.0077
7.5600	0.0213
7.5700	0.0242
7.5800	0.0156
7.5900	0.0018
7.6000	-0.0139
7.6100	-0.0280
7.6200	-0.0347
7.6300	-0.0231
7.6400	0.0081
7.6500	0.0393
7.6600	0.0451
7.6700	0.0196
7.6800	-0.0121
7.6900	-0.0371
7.7000	-0.0566
7.7100	-0.0680
7.7200	-0.0617
7.7300	-0.0270
7.7400	0.0313
7.7500	0.0929
7.7600	0.1381
7.7700	0.1666
7.7800	0.1843
7.7900	0.1858
7.8000	0.1611
7.8100	0.1220
7.8200	0.0914
7.8300	0.0738
7.8400	0.0576
7.8500	0.0281
7.8600	-0.0028
7.8700	-0.0208
7.8800	-0.0223
7.8900	-0.0114
7.9000	0.0034
7.9100	0.0141
7.9200	0.0166
7.9300	0.0032
7.9400	-0.0238
7.9500	-0.0472
7.9600	-0.0659
7.9700	-0.0809
7.9800	-0.0872
7.9900	-0.0914
8.0000	-0.0937
8.0100	-0.0784
8.0200	-0.0342
8.0300	0.0312
8.0400	0.0937
8.0500	0.1388
8.0600	0.1615
8.0700	0.1627
8.0800	0.1491
8.0900	0.1262
8.1000	0.1084
8.1100	0.0930
8.1200	0.0725
8.1300	0.0537
8.1400	0.0408
8.1500	0.0446
8.1600	0.0615
8.1700	0.0739
8.1800	0.0747
8.1900	0.0634
8.2000	0.0423
8.2100	0.0281
8.2200	0.0233
8.2300	0.0253
8.2400	0.0333
8.2500	0.0458
8.2600	0.0624
8.2700	0.0822
8.2800	0.1014
8.2900	0.1185
8.3000	0.1365
8.3100	0.1507
8.3200	0.1547
8.3300	0.1503
8.3400	0.1345
8.3500	0.1074
8.3600	0.0767
8.3700	0.0508
8.3800	0.0389
8.3900	0.0403
8.4000	0.0489
8.4100	0.0580
8.4200	0.0622
8.4300	0.0613
8.4400	0.0557
8.4500	0.0469
8.4600	0.0386
8.4700	0.0352
8.4800	0.0367
8.4900	0.0423
8.5000	0.0504
8.5100	0.0566
8.5200	0.0530
8.5300	0.0356
8.5400	0.0169
8.5500	0.0038
8.5600	-0.0063
8.5700	-0.0151
8.5800	-0.0247
8.5900	-0.0302
8.6000	-0.0301
8.6100	-0.0290
8.6200	-0.0327
8.6300	-0.0452
8.6400	-0.0664
8.6500	-0.0832
8.6600	-0.0890
8.6700	-0.0945
8.6800	-0.1056
8.6900	-0.1187
8.7000	-0.1278
8.7100	-0.1313
8.7200	-0.1322
8.7300	-0.1293
8.7400	-0.1265
8.7500	-0.1296
8.7600	-0.1355
8.7700	-0.1358
8.7800	-0.1213
8.7900	-0.0963
8.8000	-0.0683
8.8100	-0.0387
8.8200	-0.0173
8.8300	-0.0108
8.8400	-0.0202
8.8500	-0.0500
8.8600	-0.0886
8.8700	-0.1213
8.8800	-0.1444
8.8900	-0.1593
8.9000	-0.1650
8.9100	-0.1509
8.9200	-0.1129
8.9300	-0.0458
8.9400	0.0182
8.9500	0.0742
8.9600	0.1278
8.9700	0.1743
8.9800	0.2093
8.9900	0.2306
9.0000	0.2325
9.0100	0.2128
9.0200	0.1790
9.0300	0.1386
9.0400	0.0996
9.0500	0.0529
9.0600	-0.0052
9.0700	-0.0562
9.0800	-0.0927
9.0900	-0.1053
9.1000	-0.1020
9.1100	-0.0955
9.1200	-0.0949
9.1300	-0.1009
9.1400	-0.1092
9.1500	-0.1102
9.1600	-0.0987
9.1700	-0.0749
9.1800	-0.0430
9.1900	-0.0108
9.2000	0.0158
9.2100	0.0337
9.2200	0.0428
9.2300	0.0457
9.2400	0.0502
9.2500	0.0560
9.2600	0.0528
9.2700	0.0459
9.2800	0.0378
9.2900	0.0134
9.3000	-0.0486
9.3100	-0.1301
9.3200	-0.1871
9.3300	-0.2108
9.3400	-0.2171
9.3500	-0.2153
9.3600	-0.2073
9.3700	-0.1795
9.3800	-0.1355
9.3900	-0.1006
9.4000	-0.0826
9.4100	-0.0727
9.4200	-0.0717
9.4300	-0.0770
9.4400	-0.0789
9.4500	-0.0803
9.4600	-0.0917
9.4700	-0.1109
9.4800	-0.1260
9.4900	-0.1304
9.5000	-0.1178
9.5100	-0.0827
9.5200	-0.0285
9.5300	0.0035
9.5400	0.0106
9.5500	0.0126
9.5600	0.0092
9.5700	0.0007
9.5800	-0.0166
9.5900	-0.0387
9.6000	-0.0582
9.6100	-0.0591
9.6200	-0.0405
9.6300	-0.0124
9.6400	0.0200
9.6500	0.0562
9.6600	0.0942
9.6700	0.1250
9.6800	0.1416
9.6900	0.1365
9.7000	0.0895
9.7100	0.0045
9.7200	-0.0883
9.7300	-0.1513
9.7400	-0.1774
9.7500	-0.1705
9.7600	-0.1229
9.7700	-0.0377
9.7800	0.0287
9.7900	0.0544
9.8000	0.0553
9.8100	0.0401
9.8200	0.0210
9.8300	0.0018
9.8400	-0.0214
9.8500	-0.0513
9.8600	-0.0797
9.8700	-0.0594
9.8800	0.0158
9.8900	0.1013
9.9000	0.1676
9.9100	0.2151
9.9200	0.2543
9.9300	0.2790
9.9400	0.2899
9.9500	0.2893
9.9600	0.2700
9.9700	0.2273
9.9800	0.1550
9.9900	0.0338
10.0000	-0.1198
10.0100	-0.2217
10.0200	-0.2811
10.0300	-0.3100
10.0400	-0.3152
10.0500	-0.3092
10.0600	-0.2782
10.0700	-0.1973
10.0800	-0.0672
10.0900	0.0188
10.1000	0.0307
10.1100	0.0104
10.1200	-0.0346
10.1300	-0.0811
10.1400	-0.1200
10.1500	-0.1328
10.1600	-0.1161
10.1700	-0.0808
10.1800	-0.0351
10.1900	0.0093
10.2000	0.0470
10.2100	0.0910
10.2200	0.1327
10.2300	0.1510
10.2400	0.1523
10.2500	0.1407
10.2600	0.1190
10.2700	0.0933
10.2800	0.0719
10.2900	0.0655
10.3000	0.0743
10.3100	0.0997
10.3200	0.1334
10.3300	0.1717
10.3400	0.2029
10.3500	0.2202
10.3600	0.2300
10.3700	0.2342
10.3800	0.2298
10.3900	0.2125
10.4000	0.1849
10.4100	0.1529
10.4200	0.1282
10.4300	0.1141
10.4400	0.1134
10.4500	0.1194
10.4600	0.1270
10.4700	0.1341
10.4800	0.1367
10.4900	0.1319
10.5000	0.1207
10.5100	0.1032
10.5200	0.0763
10.5300	0.0348
10.5400	-0.0197
10.5500	-0.0816
10.5600	-0.1407
10.5700	-0.2042
10.5800	-0.2530
10.5900	-0.2717
10.6000	-0.2501
10.6100	-0.1705
10.6200	-0.0493
10.6300	0.0712
10.6400	0.1350
10.6500	0.1334
10.6600	0.0929
10.6700	0.0169
10.6800	-0.0607
10.6900	-0.1347
10.7000	-0.1963
10.7100	-0.2342
10.7200	-0.2647
10.7300	-0.2604
10.7400	-0.1867
10.7500	-0.0418
10.7600	0.1091
10.7700	0.1894
10.7800	0.2225
10.7900	0.2256
10.8000	0.1909
10.8100	0.1255
10.8200	0.0587
10.8300	0.0121
10.8400	-0.0330
10.8500	-0.0715
10.8600	-0.0810
10.8700	-0.0499
10.8800	0.0470
10.8900	0.1561
10.9000	0.1847
10.9100	0.1736
10.9200	0.1373
10.9300	0.0606
10.9400	-0.0310
10.9500	-0.1151
10.9600	-0.1835
10.9700	-0.2329
10.9800	-0.2742
10.9900	-0.2939
11.0000	-0.2762
11.0100	-0.2199
11.0200	-0.1694
11.0300	-0.1427
11.0400	-0.1230
11.0500	-0.1119
11.0600	-0.1161
11.0700	-0.1396
11.0800	-0.1673
11.0900	-0.1855
11.1000	-0.1947
11.1100	-0.1976
11.1200	-0.1867
11.1300	-0.1686
11.1400	-0.1392
11.1500	-0.0884
11.1600	-0.0474
11.1700	-0.0196
11.1800	0.0012
11.1900	0.0131
11.2000	0.0302
11.2100	0.0667
11.2200	0.1235
11.2300	0.1775
11.2400	0.2148
11.2500	0.2229
11.2600	0.2060
11.2700	0.1710
11.2800	0.1204
11.2900	0.0476
11.3000	-0.0284
11.3100	-0.0826
11.3200	-0.1098
11.3300	-0.0700
11.3400	0.0229
11.3500	0.1157
11.3600	0.1822
11.3700	0.1911
11.3800	0.1808
11.3900	0.1434
11.4000	0.0714
11.4100	0.0092
11.4200	-0.0188
11.4300	-0.0087
11.4400	0.0353
11.4500	0.1016
11.4600	0.1409
11.4700	0.1476
11.4800	0.1515
11.4900	0.1529
11.5000	0.1300
11.5100	0.0753
11.5200	0.0164
11.5300	-0.0221
11.5400	-0.0442
11.5500	-0.0580
11.5600	-0.0712
11.5700	-0.0823
11.5800	-0.0878
11.5900	-0.0853
11.6000	-0.0715
11.6100	-0.0422
11.6200	-0.0006
11.6300	0.0310
11.6400	0.0334
11.6500	0.0138
11.6600	-0.0216
11.6700	-0.0578
11.6800	-0.0861
11.6900	-0.1042
11.7000	-0.1146
11.7100	-0.1127
11.7200	-0.1007
11.7300	-0.0870
11.7400	-0.0750
11.7500	-0.0639
11.7600	-0.0464
11.7700	-0.0209
11.7800	0.0080
11.7900	0.0353
11.8000	0.0566
11.8100	0.0638
11.8200	0.0553
11.8300	0.0417
11.8400	0.0289
11.8500	0.0198
11.8600	0.0138
11.8700	0.0084
11.8800	0.0017
11.8900	-0.0020
11.9000	0.0063
11.9100	0.0230
11.9200	0.0385
11.9300	0.0433
11.9400	0.0358
11.9500	0.0192
11.9600	0.0040
11.9700	-0.0086
11.9800	-0.0287
11.9900	-0.0526
12.0000	-0.0709
12.0100	-0.0832
12.0200	-0.0870
12.0300	-0.0831
12.0400	-0.0699
12.0500	-0.0449
12.0600	-0.0162
12.0700	0.0087
12.0800	0.0280
12.0900	0.0403
12.1000	0.0449
12.1100	0.0467
12.1200	0.0508
12.1300	0.0524
12.1400	0.0506
12.1500	0.0489
12.1600	0.0465
12.1700	0.0416
12.1800	0.0354
12.1900	0.0278
12.2000	0.0202
12.2100	0.0130
12.2200	0.0086
12.2300	0.0097
12.2400	0.0155
12.2500	0.0246
12.2600	0.0317
12.2700	0.0323
12.2800	0.0231
12.2900	0.0059
12.3000	-0.0116
12.3100	-0.0262
12.3200	-0.0358
12.3300	-0.0356
12.3400	-0.0232
12.3500	-0.0027
12.3600	0.0195
12.3700	0.0329
12.3800	0.0359
12.3900	0.0247
12.4000	0.0029
12.4100	-0.0167
12.4200	-0.0216
12.4300	-0.0045
12.4400	0.0254
12.4500	0.0525
12.4600	0.0723
12.4700	0.0811
12.4800	0.0740
12.4900	0.0458
12.5000	-0.0035
12.5100	-0.0467
12.5200	-0.0786
12.5300	-0.1094
12.5400	-0.1356
12.5500	-0.1491
12.5600	-0.1492
12.5700	-0.1333
12.5800	-0.1100
12.5900	-0.0914
12.6000	-0.0778
12.6100	-0.0657
12.6200	-0.0486
12.6300	-0.0204
12.6400	0.0189
12.6500	0.0602
12.6600	0.0903
12.6700	0.1080
12.6800	0.1175
12.6900	0.1104
12.7000	0.0852
12.7100	0.0577
12.7200	0.0447
12.7300	0.0437
12.7400	0.0495
12.7500	0.0526
12.7600	0.0531
12.7700	0.0545
12.7800	0.0584
12.7900	0.0658
12.8000	0.0676
12.8100	0.0586
12.8200	0.0411
12.8300	0.0319
12.8400	0.0384
12.8500	0.0561
12.8600	0.0757
12.8700	0.0893
12.8800	0.0973
12.8900	0.1042
12.9000	0.1084
12.9100	0.1085
12.9200	0.1035
12.9300	0.0945
12.9400	0.0753
12.9500	0.0464
12.9600	0.0139
12.9700	-0.0108
12.9800	-0.0201
12.9900	-0.0113
13.0000	0.0071
13.0100	0.0237
13.0200	0.0332
13.0300	0.0323
13.0400	0.0241
13.0500	0.0141
13.0600	0.0037
13.0700	-0.0068
13.0800	-0.0175
13.0900	-0.0273
13.1000	-0.0348
13.1100	-0.0400
13.1200	-0.0439
13.1300	-0.0439
13.1400	-0.0401
13.1500	-0.0339
13.1600	-0.0340
13.1700	-0.0426
13.1800	-0.0547
13.1900	-0.0676
13.2000	-0.0829
13.2100	-0.0956
13.2200	-0.1027
13.2300	-0.1049
13.2400	-0.1036
13.2500	-0.0962
13.2600	-0.0817
13.2700	-0.0588
13.2800	-0.0344
13.2900	-0.0193
13.3000	-0.0086
13.3100	-0.0009
13.3200	0.0039
13.3300	0.0034
13.3400	-0.0022
13.3500	-0.0069
13.3600	-0.0073
13.3700	-0.0056
13.3800	-0.0032
13.3900	0.0007
13.4000	0.0034
13.4100	0.0049
13.4200	0.0090
13.4300	0.0180
13.4400	0.0308
13.4500	0.0440
13.4600	0.0559
13.4700	0.0636
13.4800	0.0659
13.4900	0.0577
13.5000	0.0402
13.5100	0.0211
13.5200	0.0051
13.5300	-0.0062
13.5400	-0.0103
13.5500	-0.0083
13.5600	0.0005
13.5700	0.0112
13.5800	0.0165
13.5900	0.0115
13.6000	-0.0062
13.6100	-0.0314
13.6200	-0.0535
13.6300	-0.0678
13.6400	-0.0784
13.6500	-0.0802
13.6600	-0.0745
13.6700	-0.0699
13.6800	-0.0666
13.6900	-0.0674
13.7000	-0.0697
13.7100	-0.0710
13.7200	-0.0700
13.7300	-0.0665
13.7400	-0.0633
13.7500	-0.0586
13.7600	-0.0531
13.7700	-0.0500
13.7800	-0.0509
13.7900	-0.0516
13.8000	-0.0473
13.8100	-0.0332
13.8200	-0.0125
13.8300	0.0056
13.8400	0.0196
13.8500	0.0307
13.8600	0.0440
13.8700	0.0528
13.8800	0.0508
13.8900	0.0394
13.9000	0.0235
13.9100	0.0114
13.9200	0.0045
13.9300	0.0008
13.9400	-0.0034
13.9500	-0.0027
13.9600	0.0074
13.9700	0.0233
13.9800	0.0396
13.9900	0.0498
14.0000	0.0520
14.0100	0.0460
14.0200	0.0347
14.0300	0.0180
14.0400	0.0002
14.0500	-0.0105
14.0600	-0.0130
14.0700	-0.0094
14.0800	-0.0019
14.0900	0.0059
14.1000	0.0125
14.1100	0.0180
14.1200	0.0208
14.1300	0.0173
14.1400	0.0031
14.1500	-0.0190
14.1600	-0.0382
14.1700	-0.0559
14.1800	-0.0702
14.1900	-0.0730
14.2000	-0.0626
14.2100	-0.0438
14.2200	-0.0251
14.2300	-0.0108
14.2400	-0.0032
14.2500	0.0019
14.2600	0.0002
14.2700	-0.0080
14.2800	-0.0177
14.2900	-0.0223
14.3000	-0.0210
14.3100	-0.0189
14.3200	-0.0204
14.3300	-0.0249
14.3400	-0.0287
14.3500	-0.0301
14.3600	-0.0271
14.3700	-0.0192
14.3800	-0.0085
14.3900	0.0009
14.4000	0.0053
14.4100	0.0043
14.4200	0.0043
14.4300	0.0046
14.4400	0.0045
14.4500	0.0051
14.4600	0.0053
14.4700	0.0045
14.4800	0.0032
14.4900	-0.0006
14.5000	-0.0073
14.5100	-0.0136
14.5200	-0.0158
14.5300	-0.0117
14.5400	0.0011
14.5500	0.0142
14.5600	0.0183
14.5700	0.0154
14.5800	0.0074
14.5900	-0.0021
14.6000	-0.0137
14.6100	-0.0254
14.6200	-0.0303
14.6300	-0.0296
14.6400	-0.0253
14.6500	-0.0183
14.6600	-0.0152
14.6700	-0.0168
14.6800	-0.0170
14.6900	-0.0179
14.7000	-0.0174
14.7100	-0.0122
14.7200	-0.0040
14.7300	0.0064
14.7400	0.0143
14.7500	0.0185
14.7600	0.0179
14.7700	0.0161
14.7800	0.0160
14.7900	0.0138
14.8000	0.0039
14.8100	-0.0136
14.8200	-0.0322
14.8300	-0.0459
14.8400	-0.0527
14.8500	-0.0507
14.8600	-0.0423
14.8700	-0.0265
14.8800	0.0019
14.8900	0.0347
14.9000	0.0630
14.9100	0.0771
14.9200	0.0743
14.9300	0.0616
14.9400	0.0447
14.9500	0.0319
14.9600	0.0257
14.9700	0.0246
14.9800	0.0238
14.9900	0.0215
15.0000	0.0142
15.0100	0.0037
15.0200	-0.0067
15.0300	-0.0159
15.0400	-0.0161
15.0500	-0.0040
15.0600	0.0124
15.0700	0.0314
15.0800	0.0504
15.0900	0.0629
15.1000	0.0696
15.1100	0.0714
15.1200	0.0673
15.1300	0.0551
15.1400	0.0338
15.1500	0.0149
15.1600	0.0017
15.1700	-0.0077
15.1800	-0.0149
15.1900	-0.0198
15.2000	-0.0238
15.2100	-0.0292
15.2200	-0.0402
15.2300	-0.0526
15.2400	-0.0640
15.2500	-0.0693
15.2600	-0.0629
15.2700	-0.0459
15.2800	-0.0291
15.2900	-0.0172
15.3000	-0.0058
15.3100	0.0033
15.3200	0.0070
15.3300	0.0027
15.3400	-0.0115
15.3500	-0.0314
15.3600	-0.0504
15.3700	-0.0658
15.3800	-0.0739
15.3900	-0.0763
15.4000	-0.0749
15.4100	-0.0677
15.4200	-0.0556
15.4300	-0.0431
15.4400	-0.0343
15.4500	-0.0283
15.4600	-0.0233
15.4700	-0.0185
15.4800	-0.0099
15.4900	0.0031
15.5000	0.0174
15.5100	0.0288
15.5200	0.0396
15.5300	0.0480
15.5400	0.0537
15.5500	0.0564
15.5600	0.0582
15.5700	0.0618
15.5800	0.0662
15.5900	0.0709
15.6000	0.0747
15.6100	0.0797
15.6200	0.0847
15.6300	0.0875
15.6400	0.0887
15.6500	0.0918
15.6600	0.0967
15.6700	0.0990
15.6800	0.0996
15.6900	0.0984
15.7000	0.0937
15.7100	0.0863
15.7200	0.0742
15.7300	0.0609
15.7400	0.0474
15.7500	0.0345
15.7600	0.0251
15.7700	0.0162
15.7800	0.0069
15.7900	-0.0015
15.8000	-0.0092
15.8100	-0.0133
15.8200	-0.0115
15.8300	-0.0031
15.8400	0.0077
15.8500	0.0174
15.8600	0.0237
15.8700	0.0265
15.8800	0.0269
15.8900	0.0261
15.9000	0.0273
15.9100	0.0283
15.9200	0.0297
15.9300	0.0305
15.9400	0.0317
15.9500	0.0367
15.9600	0.0441
15.9700	0.0553
15.9800	0.0694
15.9900	0.0794
16.0000	0.0842
16.0100	0.0845
16.0200	0.0765
16.0300	0.0565
16.0400	0.0304
16.0500	0.0109
16.0600	-0.0026
16.0700	-0.0088
16.0800	-0.0081
16.0900	-0.0046
16.1000	0.0015
16.1100	0.0081
16.1200	0.0154
16.1300	0.0197
16.1400	0.0201
16.1500	0.0200
16.1600	0.0168
16.1700	0.0082
16.1800	-0.0016
16.1900	-0.0098
16.2000	-0.0144
16.2100	-0.0169
16.2200	-0.0185
16.2300	-0.0179
16.2400	-0.0174
16.2500	-0.0177
16.2600	-0.0183
16.2700	-0.0167
16.2800	-0.0126
16.2900	-0.0052
16.3000	0.0026
16.3100	0.0115
16.3200	0.0173
16.3300	0.0162
16.3400	0.0106
16.3500	0.0005
16.3600	-0.0134
16.3700	-0.0245
16.3800	-0.0340
16.3900	-0.0428
16.4000	-0.0510
16.4100	-0.0575
16.4200	-0.0622
16.4300	-0.0630
16.4400	-0.0581
16.4500	-0.0462
16.4600	-0.0310
16.4700	-0.0160
16.4800	-0.0029
16.4900	0.0072
16.5000	0.0154
16.5100	0.0209
16.5200	0.0231
16.5300	0.0171
16.5400	0.0057
16.5500	-0.0053
16.5600	-0.0157
16.5700	-0.0236
16.5800	-0.0293
16.5900	-0.0295
16.6000	-0.0241
16.6100	-0.0151
16.6200	-0.0055
16.6300	0.0065
16.6400	0.0199
16.6500	0.0330
16.6600	0.0432
16.6700	0.0471
16.6800	0.0436
16.6900	0.0339
16.7000	0.0234
16.7100	0.0152
16.7200	0.0105
16.7300	0.0080
16.7400	0.0045
16.7500	-0.0023
16.7600	-0.0121
16.7700	-0.0218
16.7800	-0.0275
16.7900	-0.0280
16.8000	-0.0222
16.8100	-0.0131
16.8200	-0.0031
16.8300	0.0053
16.8400	0.0114
16.8500	0.0150
16.8600	0.0141
16.8700	0.0094
16.8800	0.0009
16.8900	-0.0095
16.9000	-0.0163
16.9100	-0.0202
16.9200	-0.0213
16.9300	-0.0189
16.9400	-0.0171
16.9500	-0.0189
16.9600	-0.0195
16.9700	-0.0193
16.9800	-0.0169
16.9900	-0.0136
17.0000	-0.0112
17.0100	-0.0120
17.0200	-0.0157
17.0300	-0.0185
17.0400	-0.0187
17.0500	-0.0144
17.0600	-0.0087
17.0700	-0.0029
17.0800	-0.0002
17.0900	0.0011
17.1000	0.0041
17.1100	0.0080
17.1200	0.0091
17.1300	0.0056
17.1400	-0.0019
17.1500	-0.0091
17.1600	-0.0137
17.1700	-0.0178
17.1800	-0.0212
17.1900	-0.0230
17.2000	-0.0218
17.2100	-0.0178
17.2200	-0.0121
17.2300	-0.0072
17.2400	-0.0034
17.2500	-0.0020
17.2600	-0.0029
17.2700	-0.0082
17.2800	-0.0147
17.2900	-0.0182
17.3000	-0.0165
17.3100	-0.0111
17.3200	-0.0036
17.3300	0.0022
17.3400	0.0048
17.3500	0.0093
17.3600	0.0156
17.3700	0.0222
17.3800	0.0266
17.3900	0.0257
17.4000	0.0220
17.4100	0.0168
17.4200	0.0121
17.4300	0.0083
17.4400	0.0047
17.4500	0.0004
17.4600	-0.0055
17.4700	-0.0138
17.4800	-0.0246
17.4900	-0.0350
17.5000	-0.0426
17.5100	-0.0444
17.5200	-0.0391
17.5300	-0.0298
17.5400	-0.0192
17.5500	-0.0092
17.5600	0.0010
17.5700	0.0086
17.5800	0.0126
17.5900	0.0139
17.6000	0.0105
17.6100	0.0080
17.6200	0.0070
17.6300	0.0053
17.6400	0.0024
17.6500	-0.0001
17.6600	-0.0039
17.6700	-0.0090
17.6800	-0.0124
17.6900	-0.0131
17.7000	-0.0130
17.7100	-0.0094
17.7200	-0.0031
17.7300	0.0034
17.7400	0.0087
17.7500	0.0126
17.7600	0.0154
17.7700	0.0163
17.7800	0.0153
17.7900	0.0107
17.8000	0.0033
17.8100	-0.0028
17.8200	-0.0050
17.8300	-0.0020
17.8400	0.0046
17.8500	0.0101
17.8600	0.0150
17.8700	0.0183
17.8800	0.0206
17.8900	0.0226
17.9000	0.0220
17.9100	0.0199
17.9200	0.0180
17.9300	0.0192
17.9400	0.0218
17.9500	0.0237
17.9600	0.0250
17.9700	0.0243
17.9800	0.0237
17.9900	0.0218
18.0000	0.0207
18.0100	0.0194
18.0200	0.0175
18.0300	0.0111
18.0400	0.0012
18.0500	-0.0083
18.0600	-0.0148
18.0700	-0.0165
18.0800	-0.0153
18.0900	-0.0138
18.1000	-0.0130
18.1100	-0.0141
18.1200	-0.0167
18.1300	-0.0186
18.1400	-0.0189
18.1500	-0.0126
18.1600	-0.0009
18.1700	0.0096
18.1800	0.0181
18.1900	0.0234
18.2000	0.0265
18.2100	0.0281
18.2200	0.0313
18.2300	0.0361
18.2400	0.0403
18.2500	0.0441
18.2600	0.0473
18.2700	0.0494
18.2800	0.0482
18.2900	0.0418
18.3000	0.0291
18.3100	0.0125
18.3200	-0.0046
18.3300	-0.0185
18.3400	-0.0288
18.3500	-0.0345
18.3600	-0.0369
18.3700	-0.0380
18.3800	-0.0344
18.3900	-0.0282
18.4000	-0.0182
18.4100	-0.0099
18.4200	-0.0041
18.4300	-0.0050
18.4400	-0.0109
18.4500	-0.0188
18.4600	-0.0260
18.4700	-0.0295
18.4800	-0.0279
18.4900	-0.0239
18.5000	-0.0187
18.5100	-0.0134
18.5200	-0.0076
18.5300	-0.0023
18.5400	0.0031
18.5500	0.0075
18.5600	0.0123
18.5700	0.0154
18.5800	0.0174
18.5900	0.0215
18.6000	0.0253
18.6100	0.0278
18.6200	0.0273
18.6300	0.0228
18.6400	0.0128
18.6500	0.0036
18.6600	-0.0022
18.6700	-0.0073
18.6800	-0.0111
18.6900	-0.0113
18.7000	-0.0100
18.7100	-0.0078
18.7200	-0.0029
18.7300	0.0022
18.7400	0.0068
18.7500	0.0085
18.7600	0.0096
18.7700	0.0088
18.7800	0.0086
18.7900	0.0102
18.8000	0.0105
18.8100	0.0113
18.8200	0.0136
18.8300	0.0155
18.8400	0.0156
18.8500	0.0142
18.8600	0.0106
18.8700	0.0056
18.8800	0.0002
18.8900	-0.0045
18.9000	-0.0078
18.9100	-0.0062
18.9200	-0.0006
18.9300	0.0068
18.9400	0.0132
18.9500	0.0160
18.9600	0.0137
18.9700	0.0058
18.9800	-0.0068
18.9900	-0.0233
19.0000	-0.0390
19.0100	-0.0470
19.0200	-0.0494
19.0300	-0.0474
19.0400	-0.0434
19.0500	-0.0379
19.0600	-0.0331
19.0700	-0.0328
19.0800	-0.0354
19.0900	-0.0396
19.1000	-0.0440
19.1100	-0.0471
19.1200	-0.0464
19.1300	-0.0437
19.1400	-0.0396
19.1500	-0.0312
19.1600	-0.0222
19.1700	-0.0176
19.1800	-0.0146
19.1900	-0.0139
19.2000	-0.0151
19.2100	-0.0183
19.2200	-0.0215
19.2300	-0.0233
19.2400	-0.0216
19.2500	-0.0172
19.2600	-0.0115
19.2700	-0.0056
19.2800	-0.0009
19.2900	0.0037
19.3000	0.0088
19.3100	0.0134
19.3200	0.0156
19.3300	0.0111
19.3400	0.0050
19.3500	-0.0016
19.3600	-0.0051
19.3700	-0.0071
19.3800	-0.0095
19.3900	-0.0102
19.4000	-0.0089
19.4100	-0.0057
19.4200	-0.0023
19.4300	0.0005
19.4400	0.0034
19.4500	0.0050
19.4600	0.0056
19.4700	0.0064
19.4800	0.0094
19.4900	0.0124
19.5000	0.0130
19.5100	0.0121
19.5200	0.0122
19.5300	0.0110
19.5400	0.0093
19.5500	0.0106
19.5600	0.0127
19.5700	0.0149
19.5800	0.0144
19.5900	0.0118
19.6000	0.0090
19.6100	0.0060
19.6200	0.0038
19.6300	0.0026
19.6400	-0.0001
19.6500	-0.0030
19.6600	-0.0039
19.6700	-0.0063
19.6800	-0.0088
19.6900	-0.0113
19.7000	-0.0154
19.7100	-0.0195
19.7200	-0.0241
19.7300	-0.0296
19.7400	-0.0305
19.7500	-0.0296
19.7600	-0.0270
19.7700	-0.0232
19.7800	-0.0190
19.7900	-0.0148
19.8000	-0.0118
19.8100	-0.0102
19.8200	-0.0096
19.8300	-0.0090
19.8400	-0.0079
19.8500	-0.0062
19.8600	-0.0036
19.8700	-0.0008
19.8800	0.0027
19.8900	0.0058
19.9000	0.0087
19.9100	0.0103
19.9200	0.0107
19.9300	0.0086
19.9400	0.0062
19.9500	0.0008
19.9600	-0.0023
19.9700	-0.0072
19.9800	-0.0083
19.9900	-0.0078
20.0000	-0.0078
20.0100	-0.0079
20.0200	-0.0089
20.0300	-0.0114
20.0400	-0.0164
20.0500	-0.0216
20.0600	-0.0248
20.0700	-0.0285
20.0800	-0.0300
20.0900	-0.0288
20.1000	-0.0276
20.1100	-0.0244
20.1200	-0.0211
20.1300	-0.0180
20.1400	-0.0160
20.1500	-0.0128
20.1600	-0.0058
20.1700	-0.0029
20.1800	-0.0036
20.1900	-0.0095
20.2000	-0.0177
20.2100	-0.0256
20.2200	-0.0324
20.2300	-0.0353
20.2400	-0.0356
20.2500	-0.0331
20.2600	-0.0276
20.2700	-0.0215
20.2800	-0.0147
20.2900	-0.0103
20.3000	-0.0066
20.3100	-0.0027
20.3200	-0.0005
20.3300	0.0018
20.3400	0.0057
20.3500	0.0090
20.3600	0.0129
20.3700	0.0153
20.3800	0.0152
20.3900	0.0135
20.4000	0.0062
20.4100	-0.0046
20.4200	-0.0170
20.4300	-0.0285
20.4400	-0.0385
20.4500	-0.0449
20.4600	-0.0482
20.4700	-0.0473
20.4800	-0.0443
20.4900	-0.0394
20.5000	-0.0341
20.5100	-0.0299
20.5200	-0.0262
20.5300	-0.0258
20.5400	-0.0281
20.5500	-0.0289
20.5600	-0.0296
20.5700	-0.0300
20.5800	-0.0305
20.5900	-0.0318
20.6000	-0.0338
20.6100	-0.0366
20.6200	-0.0377
20.6300	-0.0380
20.6400	-0.0371
20.6500	-0.0316
20.6600	-0.0212
20.6700	-0.0128
20.6800	-0.0055
20.6900	-0.0021
20.7000	-0.0013
20.7100	-0.0024
20.7200	-0.0054
20.7300	-0.0062
20.7400	-0.0064
20.7500	-0.0048
20.7600	-0.0030
20.7700	-0.0021
20.7800	-0.0014
20.7900	-0.0011
20.8000	-0.0002
20.8100	0.0004
20.8200	0.0010
20.8300	0.0003
20.8400	0.0001
20.8500	-0.0002
20.8600	0.0018
20.8700	0.0047
20.8800	0.0087
20.8900	0.0149
20.9000	0.0215
20.9100	0.0280
20.9200	0.0328
20.9300	0.0345
20.9400	0.0329
20.9500	0.0305
20.9600	0.0239
20.9700	0.0193
20.9800	0.0157
20.9900	0.0145
21.0000	0.0155
21.0100	0.0186
21.0200	0.0241
21.0300	0.0281
21.0400	0.0300
21.0500	0.0329
21.0600	0.0328
21.0700	0.0328
21.0800	0.0311
21.0900	0.0269
21.1000	0.0205
21.1100	0.0158
21.1200	0.0115
21.1300	0.0114
21.1400	0.0116
21.1500	0.0134
21.1600	0.0164
21.1700	0.0186
21.1800	0.0208
21.1900	0.0218
21.2000	0.0207
21.2100	0.0174
21.2200	0.0152
21.2300	0.0142
21.2400	0.0134
21.2500	0.0133
21.2600	0.0140
21.2700	0.0169
21.2800	0.0192
21.2900	0.0222
21.3000	0.0227
21.3100	0.0219
21.3200	0.0197
21.3300	0.0176
21.3400	0.0137
21.3500	0.0097
21.3600	0.0070
21.3700	0.0061
21.3800	0.0079
21.3900	0.0092
21.4000	0.0104
21.4100	0.0104
21.4200	0.0073
21.4300	0.0042
21.4400	0.0014
21.4500	-0.0001
21.4600	0.0002
21.4700	0.0022
21.4800	0.0040
21.4900	0.0037
21.5000	0.0030
21.5100	0.0034
21.5200	0.0050
21.5300	0.0049
21.5400	0.0028
21.5500	0.0022
21.5600	0.0022
21.5700	0.0037
21.5800	0.0059
21.5900	0.0067
21.6000	0.0069
21.6100	0.0046
21.6200	0.0019
21.6300	-0.0011
21.6400	-0.0059
21.6500	-0.0086
21.6600	-0.0105
21.6700	-0.0136
21.6800	-0.0153
21.6900	-0.0154
21.7000	-0.0144
21.7100	-0.0142
21.7200	-0.0144
21.7300	-0.0143
21.7400	-0.0151
21.7500	-0.0166
21.7600	-0.0193
21.7700	-0.0215
21.7800	-0.0245
21.7900	-0.0242
21.8000	-0.0231
21.8100	-0.0175
21.8200	-0.0103
21.8300	-0.0033
21.8400	0.0018
21.8500	0.0046
21.8600	0.0054
21.8700	0.0037
21.8800	0.0021
21.8900	0.0005
21.9000	-0.0011
21.9100	-0.0024
21.9200	-0.0032
21.9300	-0.0043
21.9400	-0.0028
21.9500	-0.0013
21.9600	0.0018
21.9700	0.0066
21.9800	0.0105
21.9900	0.0122
22.0000	0.0124
22.0100	0.0126
22.0200	0.0124
22.0300	0.0094
22.0400	0.0041
22.0500	-0.0017
22.0600	-0.0081
22.0700	-0.0136
22.0800	-0.0208
22.0900	-0.0247
22.1000	-0.0268
22.1100	-0.0274
22.1200	-0.0262
22.1300	-0.0239
22.1400	-0.0217
22.1500	-0.0170
22.1600	-0.0083
22.1700	-0.0018
22.1800	0.0024
22.1900	0.0067
22.2000	0.0084
22.2100	0.0085
22.2200	0.0086
22.2300	0.0079
22.2400	0.0064
22.2500	0.0028
22.2600	-0.0003
22.2700	-0.0026
22.2800	-0.0037
22.2900	-0.0042
22.3000	-0.0035
22.3100	-0.0027
22.3200	-0.0022
22.3300	-0.0015
22.3400	-0.0021
22.3500	-0.0012
22.3600	0.0005
22.3700	0.0001
22.3800	-0.0027
22.3900	-0.0052
22.4000	-0.0087
22.4100	-0.0127
22.4200	-0.0136
22.4300	-0.0119
22.4400	-0.0092
22.4500	-0.0064
22.4600	-0.0039
22.4700	-0.0022
22.4800	0.0003
22.4900	0.0016
22.5000	0.0014
22.5100	-0.0009
22.5200	-0.0043
22.5300	-0.0094
22.5400	-0.0151
22.5500	-0.0179
22.5600	-0.0187
22.5700	-0.0185
22.5800	-0.0165
22.5900	-0.0125
22.6000	-0.0065
22.6100	0.0001
22.6200	0.0067
22.6300	0.0123
22.6400	0.0137
22.6500	0.0153
22.6600	0.0164
22.6700	0.0156
22.6800	0.0137
22.6900	0.0120
22.7000	0.0117
22.7100	0.0132
22.7200	0.0158
22.7300	0.0195
22.7400	0.0238
22.7500	0.0293
22.7600	0.0344
22.7700	0.0381
22.7800	0.0408
22.7900	0.0404
22.8000	0.0380
22.8100	0.0359
22.8200	0.0338
22.8300	0.0324
22.8400	0.0319
22.8500	0.0312
22.8600	0.0308
22.8700	0.0299
22.8800	0.0283
22.8900	0.0268
22.9000	0.0268
22.9100	0.0255
22.9200	0.0243
22.9300	0.0224
22.9400	0.0201
22.9500	0.0186
22.9600	0.0171
22.9700	0.0166
22.9800	0.0146
22.9900	0.0118
23.0000	0.0087
23.0100	0.0078
23.0200	0.0096
23.0300	0.0109
23.0400	0.0092
23.0500	0.0094
23.0600	0.0093
23.0700	0.0108
23.0800	0.0123
23.0900	0.0144
23.1000	0.0165
23.1100	0.0175
23.1200	0.0172
23.1300	0.0150
23.1400	0.0115
23.1500	0.0097
23.1600	0.0098
23.1700	0.0098
23.1800	0.0077
23.1900	0.0064
23.2000	0.0065
23.2100	0.0066
23.2200	0.0066
23.2300	0.0076
23.2400	0.0068
23.2500	0.0048
23.2600	0.0021
23.2700	-0.0016
23.2800	-0.0067
23.2900	-0.0087
23.3000	-0.0106
23.3100	-0.0114
23.3200	-0.0114
23.3300	-0.0103
23.3400	-0.0088
23.3500	-0.0064
23.3600	-0.0035
23.3700	-0.0007
23.3800	0.0014
23.3900	0.0020
23.4000	0.0019
23.4100	0.0007
23.4200	-0.0005
23.4300	-0.0023
23.4400	-0.0043
23.4500	-0.0054
23.4600	-0.0043
23.4700	-0.0014
23.4800	0.0028
23.4900	0.0070
23.5000	0.0127
23.5100	0.0172
23.5200	0.0214
23.5300	0.0211
23.5400	0.0184
23.5500	0.0157
23.5600	0.0122
23.5700	0.0100
23.5800	0.0080
23.5900	0.0065
23.6000	0.0061
23.6100	0.0061
23.6200	0.0067
23.6300	0.0065
23.6400	0.0053
23.6500	0.0062
23.6600	0.0085
23.6700	0.0089
23.6800	0.0080
23.6900	0.0067
23.7000	0.0049
23.7100	0.0015
23.7200	0.0010
23.7300	0.0037
23.7400	0.0063
23.7500	0.0084
23.7600	0.0102
23.7700	0.0107
23.7800	0.0112
23.7900	0.0107
23.8000	0.0098
23.8100	0.0079
23.8200	0.0068
23.8300	0.0056
23.8400	0.0051
23.8500	0.0041
23.8600	0.0031
23.8700	0.0032
23.8800	0.0040
23.8900	0.0054
23.9000	0.0058
23.9100	0.0039
23.9200	-0.0004
23.9300	-0.0046
23.9400	-0.0086
23.9500	-0.0104
23.9600	-0.0101
23.9700	-0.0089
23.9800	-0.0033
23.9900	0.0021
24.0000	0.0064
24.0100	0.0099
24.0200	0.0118
24.0300	0.0109
24.0400	0.0077
24.0500	0.0039
24.0600	-0.0014
24.0700	-0.0058
24.0800	-0.0102
24.0900	-0.0129
24.1000	-0.0141
24.1100	-0.0141
24.1200	-0.0132
24.1300	-0.0125
24.1400	-0.0137
24.1500	-0.0142
24.1600	-0.0129
24.1700	-0.0122
24.1800	-0.0132
24.1900	-0.0123
24.2000	-0.0130
24.2100	-0.0146
24.2200	-0.0162
24.2300	-0.0182
24.2400	-0.0192
24.2500	-0.0195
24.2600	-0.0193
24.2700	-0.0168
24.2800	-0.0134
24.2900	-0.0116
24.3000	-0.0102
24.3100	-0.0099
24.3200	-0.0094
24.3300	-0.0079
24.3400	-0.0057
24.3500	-0.0040
24.3600	-0.0044
24.3700	-0.0031
24.3800	-0.0026
24.3900	-0.0012
24.4000	-0.0024
24.4100	-0.0029
24.4200	-0.0029
24.4300	-0.0020
24.4400	0.0006
24.4500	0.0025
24.4600	0.0039
24.4700	0.0036
24.4800	0.0020
24.4900	-0.0013
24.5000	-0.0024
24.5100	-0.0029
24.5200	-0.0007
24.5300	0.0006
24.5400	0.0007
24.5500	0.0030
24.5600	0.0060
24.5700	0.0089
24.5800	0.0121
24.5900	0.0139
24.6000	0.0153
24.6100	0.0151
24.6200	0.0163
24.6300	0.0183
24.6400	0.0175
24.6500	0.0168
24.6600	0.0195
24.6700	0.0198
24.6800	0.0203
24.6900	0.0210
24.7000	0.0208
24.7100	0.0205
24.7200	0.0205
24.7300	0.0194
24.7400	0.0162
24.7500	0.0133
24.7600	0.0064
24.7700	0.0007
24.7800	-0.0035
24.7900	-0.0063
24.8000	-0.0076
24.8100	-0.0063
24.8200	-0.0045
24.8300	-0.0022
24.8400	0.0002
24.8500	0.0019
24.8600	0.0035
24.8700	0.0039
24.8800	0.0036
24.8900	0.0046
24.9000	0.0062
24.9100	0.0083
24.9200	0.0099
24.9300	0.0110
24.9400	0.0115
24.9500	0.0108
24.9600	0.0093
24.9700	0.0069
24.9800	0.0041
24.9900	0.0010
25.0000	-0.0031
25.0100	-0.0066
25.0200	-0.0080
25.0300	-0.0094
25.0400	-0.0113
25.0500	-0.0116
25.0600	-0.0092
25.0700	-0.0074
25.0800	-0.0068
25.0900	-0.0067
25.1000	-0.0056
25.1100	-0.0048
25.1200	-0.0051
25.1300	-0.0062
25.1400	-0.0081
25.1500	-0.0085
25.1600	-0.0061
25.1700	-0.0038
25.1800	-0.0026
25.1900	-0.0014
25.2000	-0.0016
25.2100	-0.0015
25.2200	-0.0014
25.2300	-0.0012
25.2400	-0.0019
25.2500	-0.0033
25.2600	-0.0056
25.2700	-0.0079
25.2800	-0.0096
25.2900	-0.0102
25.3000	-0.0116
25.3100	-0.0123
25.3200	-0.0135
25.3300	-0.0146
25.3400	-0.0156
25.3500	-0.0167
25.3600	-0.0179
25.3700	-0.0178
25.3800	-0.0164
25.3900	-0.0154
25.4000	-0.0138
25.4100	-0.0129
25.4200	-0.0109
25.4300	-0.0089
25.4400	-0.0047
25.4500	0.0001
25.4600	0.0050
25.4700	0.0078
25.4800	0.0097
25.4900	0.0104
25.5000	0.0099
25.5100	0.0092
25.5200	0.0096
25.5300	0.0083
25.5400	0.0057
25.5500	0.0042
25.5600	0.0036
25.5700	0.0017
25.5800	-0.0001
25.5900	-0.0002
25.6000	0.0017
25.6100	0.0050
25.6200	0.0077
25.6300	0.0103
25.6400	0.0113
25.6500	0.0122
25.6600	0.0153
25.6700	0.0156
25.6800	0.0157
25.6900	0.0151
25.7000	0.0150
25.7100	0.0152
25.7200	0.0149
25.7300	0.0138
25.7400	0.0113
25.7500	0.0066
25.7600	0.0019
25.7700	-0.0018
25.7800	-0.0056
25.7900	-0.0084
25.8000	-0.0107
25.8100	-0.0126
25.8200	-0.0130
25.8300	-0.0125
25.8400	-0.0111
25.8500	-0.0095
25.8600	-0.0090
25.8700	-0.0082
25.8800	-0.0066
25.8900	-0.0044
25.9000	-0.0017
25.9100	0.0007
25.9200	0.0042
25.9300	0.0068
25.9400	0.0078
25.9500	0.0082
25.9600	0.0078
25.9700	0.0084
25.9800	0.0093
25.9900	0.0107
26.0000	0.0114
26.0100	0.0119
26.0200	0.0134
26.0300	0.0140
26.0400	0.0138
26.0500	0.0144
26.0600	0.0149
26.0700	0.0154
26.0800	0.0155
26.0900	0.0168
26.1000	0.0177
26.1100	0.0181
26.1200	0.0180
26.1300	0.0174
26.1400	0.0153
26.1500	0.0113
26.1600	0.0099
26.1700	0.0088
26.1800	0.0046
26.1900	-0.0004
26.2000	-0.0034
26.2100	-0.0087
26.2200	-0.0129
26.2300	-0.0158
26.2400	-0.0185
26.2500	-0.0198
26.2600	-0.0194
26.2700	-0.0187
26.2800	-0.0181
26.2900	-0.0184
26.3000	-0.0186
26.3100	-0.0188
26.3200	-0.0190
26.3300	-0.0203
26.3400	-0.0213
26.3500	-0.0214
26.3600	-0.0213
26.3700	-0.0207
26.3800	-0.0201
26.3900	-0.0198
26.4000	-0.0184
26.4100	-0.0160
26.4200	-0.0133
26.4300	-0.0085
26.4400	-0.0046
26.4500	-0.0022
26.4600	0.0008
26.4700	0.0030
26.4800	0.0055
26.4900	0.0059
26.5000	0.0058
26.5100	0.0050
26.5200	0.0040
26.5300	0.0017
26.5400	-0.0022
26.5500	-0.0056
26.5600	-0.0080
26.5700	-0.0092
26.5800	-0.0098
26.5900	-0.0097
26.6000	-0.0082
26.6100	-0.0070
26.6200	-0.0046
26.6300	-0.0011
26.6400	0.0020
26.6500	0.0056
26.6600	0.0102
26.6700	0.0117
26.6800	0.0109
26.6900	0.0103
26.7000	0.0092
26.7100	0.0078
26.7200	0.0075
26.7300	0.0075
26.7400	0.0062
26.7500	0.0029
26.7600	-0.0012
26.7700	-0.0035
26.7800	-0.0051
26.7900	-0.0076
26.8000	-0.0091
26.8100	-0.0115
26.8200	-0.0133
26.8300	-0.0148
26.8400	-0.0152
26.8500	-0.0145
26.8600	-0.0139
26.8700	-0.0127
26.8800	-0.0116
26.8900	-0.0110
26.9000	-0.0096
26.9100	-0.0084
26.9200	-0.0056
26.9300	-0.0029
26.9400	-0.0008
26.9500	0.0011
26.9600	0.0029
26.9700	0.0033
26.9800	0.0030
26.9900	0.0021
27.0000	0.0000
27.0100	-0.0015
27.0200	-0.0006
27.0300	-0.0007
27.0400	-0.0010
27.0500	0.0008
27.0600	0.0016
27.0700	0.0020
27.0800	0.0021
27.0900	0.0023
27.1000	0.0009
27.1100	-0.0016
27.1200	-0.0047
27.1300	-0.0084
27.1400	-0.0123
27.1500	-0.0153
27.1600	-0.0158
27.1700	-0.0161
27.1800	-0.0155
27.1900	-0.0139
27.2000	-0.0122
27.2100	-0.0104
27.2200	-0.0083
27.2300	-0.0061
27.2400	-0.0042
27.2500	-0.0030
27.2600	-0.0020
27.2700	-0.0018
27.2800	-0.0017
27.2900	-0.0020
27.3000	-0.0014
27.3100	-0.0013
27.3200	-0.0013
27.3300	-0.0002
27.3400	-0.0001
27.3500	-0.0000
27.3600	-0.0007
27.3700	-0.0021
27.3800	-0.0039
27.3900	-0.0050
27.4000	-0.0067
27.4100	-0.0076
27.4200	-0.0082
27.4300	-0.0082
27.4400	-0.0086
27.4500	-0.0067
27.4600	-0.0036
27.4700	-0.0006
27.4800	0.0023
27.4900	0.0045
27.5000	0.0058
27.5100	0.0074
27.5200	0.0096
27.5300	0.0104
27.5400	0.0088
27.5500	0.0077
27.5600	0.0084
27.5700	0.0087
27.5800	0.0093
27.5900	0.0083
27.6000	0.0069
27.6100	0.0055
27.6200	0.0042
27.6300	0.0028
27.6400	0.0009
27.6500	-0.0015
27.6600	-0.0015
27.6700	-0.0009
27.6800	-0.0016
27.6900	-0.0018
27.7000	-0.0022
27.7100	-0.0016
27.7200	-0.0010
27.7300	0.0008
27.7400	0.0029
27.7500	0.0050
27.7600	0.0068
27.7700	0.0086
27.7800	0.0095
27.7900	0.0112
27.8000	0.0121
27.8100	0.0125
27.8200	0.0127
27.8300	0.0128
27.8400	0.0121
27.8500	0.0107
27.8600	0.0090
27.8700	0.0077
27.8800	0.0061
27.8900	0.0052
27.9000	0.0042
27.9100	0.0026
27.9200	0.0021
27.9300	0.0014
27.9400	-0.0004
27.9500	-0.0018
27.9600	-0.0035
27.9700	-0.0033
27.9800	-0.0041
27.9900	-0.0037
28.0000	-0.0032
28.0100	-0.0020
28.0200	0.0007
28.0300	-0.0002
28.0400	-0.0019
28.0500	-0.0024
28.0600	-0.0035
28.0700	-0.0050
28.0800	-0.0065
28.0900	-0.0082
28.1000	-0.0093
28.1100	-0.0103
28.1200	-0.0106
28.1300	-0.0100
28.1400	-0.0087
28.1500	-0.0093
28.1600	-0.0074
28.1700	-0.0069
28.1800	-0.0062
28.1900	-0.0057
28.2000	-0.0051
28.2100	-0.0049
28.2200	-0.0044
28.2300	-0.0030
28.2400	-0.0013
28.2500	0.0020
28.2600	0.0045
28.2700	0.0065
28.2800	0.0086
28.2900	0.0094
28.3000	0.0093
28.3100	0.0102
28.3200	0.0112
28.3300	0.0124
28.3400	0.0126
28.3500	0.0122
28.3600	0.0107
28.3700	0.0097
28.3800	0.0079
28.3900	0.0060
28.4000	0.0053
28.4100	0.0035
28.4200	0.0017
28.4300	0.0008
28.4400	-0.0002
28.4500	-0.0016
28.4600	-0.0021
28.4700	-0.0037
28.4800	-0.0052
28.4900	-0.0062
28.5000	-0.0077
28.5100	-0.0084
28.5200	-0.0095
28.5300	-0.0115
28.5400	-0.0123
28.5500	-0.0130
28.5600	-0.0149
28.5700	-0.0153
28.5800	-0.0142
28.5900	-0.0135
28.6000	-0.0124
28.6100	-0.0110
28.6200	-0.0121
28.6300	-0.0122
28.6400	-0.0143
28.6500	-0.0149
28.6600	-0.0129
28.6700	-0.0127
28.6800	-0.0126
28.6900	-0.0123
28.7000	-0.0123
28.7100	-0.0112
28.7200	-0.0108
28.7300	-0.0098
28.7400	-0.0096
28.7500	-0.0111
28.7600	-0.0120
28.7700	-0.0134
28.7800	-0.0132
28.7900	-0.0120
28.8000	-0.0102
28.8100	-0.0079
28.8200	-0.0073
28.8300	-0.0073
28.8400	-0.0090
28.8500	-0.0120
28.8600	-0.0137
28.8700	-0.0151
28.8800	-0.0164
28.8900	-0.0161
28.9000	-0.0155
28.9100	-0.0144
28.9200	-0.0126
28.9300	-0.0110
28.9400	-0.0090
28.9500	-0.0083
28.9600	-0.0076
28.9700	-0.0084
28.9800	-0.0098
28.9900	-0.0119
29.0000	-0.0131
29.0100	-0.0148
29.0200	-0.0159
29.0300	-0.0183
29.0400	-0.0215
29.0500	-0.0247
29.0600	-0.0278
29.0700	-0.0300
29.0800	-0.0316
29.0900	-0.0334
29.1000	-0.0335
29.1100	-0.0325
29.1200	-0.0310
29.1300	-0.0290
29.1400	-0.0272
29.1500	-0.0244
29.1600	-0.0191
29.1700	-0.0149
29.1800	-0.0115
29.1900	-0.0077
29.2000	-0.0054
29.2100	-0.0043
29.2200	-0.0026
29.2300	-0.0015
29.2400	-0.0003
29.2500	0.0009
29.2600	0.0019
29.2700	0.0033
29.2800	0.0035
29.2900	0.0035
29.3000	0.0029
29.3100	0.0037
29.3200	0.0041
29.3300	0.0053
29.3400	0.0060
29.3500	0.0062
29.3600	0.0060
29.3700	0.0043
29.3800	0.0022
29.3900	0.0002
29.4000	-0.0011
29.4100	-0.0024
29.4200	-0.0034
29.4300	-0.0037
29.4400	-0.0036
29.4500	-0.0029
29.4600	-0.0020
29.4700	-0.0014
29.4800	-0.0008
29.4900	-0.0006
29.5000	-0.0004
29.5100	-0.0003
29.5200	0.0004
29.5300	0.0002
29.5400	-0.0013
29.5500	-0.0028
29.5600	-0.0038
29.5700	-0.0052
29.5800	-0.0067
29.5900	-0.0062
29.6000	-0.0062
29.6100	-0.0050
29.6200	-0.0033
29.6300	-0.0011
29.6400	-0.0005
29.6500	-0.0008
29.6600	0.0004
29.6700	0.0003
29.6800	-0.0019
29.6900	-0.0032
29.7000	-0.0043
29.7100	-0.0055
29.7200	-0.0068
29.7300	-0.0071
29.7400	-0.0076
29.7500	-0.0085
29.7600	-0.0100
29.7700	-0.0105
29.7800	-0.0109
29.7900	-0.0100
29.8000	-0.0084
29.8100	-0.0072
29.8200	-0.0052
29.8300	-0.0031
29.8400	-0.0013
29.8500	0.0007
29.8600	0.0026
29.8700	0.0035
29.8800	0.0037
29.8900	0.0029
29.9000	0.0019
29.9100	0.0014
29.9200	0.0008
29.9300	0.0010
29.9400	0.0012
29.9500	0.0013
29.9600	0.0022
29.9700	0.0027
29.9800	0.0037
29.9900	0.0050
30.0000	0.0062
30.0100	0.0074
30.0200	0.0087
30.0300	0.0083
30.0400	0.0060
30.0500	0.0052
30.0600	0.0041
30.0700	0.0031
30.0800	0.0021
30.0900	0.0021
30.1000	0.0018
30.1100	0.0018
30.1200	0.0018
30.1300	0.0013
30.1400	-0.0008
30.1500	-0.0029
30.1600	-0.0023
30.1700	-0.0033
30.1800	-0.0048
30.1900	-0.0054
30.2000	-0.0057
30.2100	-0.0051
30.2200	-0.0045
30.2300	-0.0040
30.2400	-0.0031
30.2500	-0.0029
30.2600	-0.0021
30.2700	-0.0016
30.2800	-0.0002
30.2900	0.0014
30.3000	0.0029
30.3100	0.0038
30.3200	0.0046
30.3300	0.0053
30.3400	0.0066
30.3500	0.0082
30.3600	0.0096
30.3700	0.0122
30.3800	0.0138
30.3900	0.0149
30.4000	0.0158
30.4100	0.0161
30.4200	0.0157
30.4300	0.0163
30.4400	0.0157
30.4500	0.0162
30.4600	0.0171
30.4700	0.0182
30.4800	0.0198
30.4900	0.0217
30.5000	0.0227
30.5100	0.0254
30.5200	0.0288
30.5300	0.0293
30.5400	0.0275
30.5500	0.0264
30.5600	0.0247
30.5700	0.0227
30.5800	0.0204
30.5900	0.0183
30.6000	0.0165
30.6100	0.0150
30.6200	0.0140
30.6300	0.0126
30.6400	0.0094
30.6500	0.0063
30.6600	0.0056
30.6700	0.0039
30.6800	0.0009
30.6900	-0.0013
30.7000	-0.0023
30.7100	-0.0030
30.7200	-0.0035
30.7300	-0.0034
30.7400	-0.0031
30.7500	-0.0030
30.7600	-0.0022
30.7700	-0.0007
30.7800	0.0017
30.7900	0.0044
30.8000	0.0065
30.8100	0.0093
30.8200	0.0133
30.8300	0.0160
30.8400	0.0187
30.8500	0.0206
30.8600	0.0217
30.8700	0.0219
30.8800	0.0218
30.8900	0.0207
30.9000	0.0198
30.9100	0.0183
30.9200	0.0178
30.9300	0.0169
30.9400	0.0159
30.9500	0.0148
30.9600	0.0131
30.9700	0.0125
30.9800	0.0124
30.9900	0.0118
31.0000	0.0111
31.0100	0.0115
31.0200	0.0134
31.0300	0.0137
31.0400	0.0139
31.0500	0.0137
31.0600	0.0128
31.0700	0.0116
31.0800	0.0092
31.0900	0.0058
31.1000	0.0044
31.1100	0.0006
31.1200	-0.0009
31.1300	-0.0023
31.1400	-0.0045
31.1500	-0.0047
31.1600	-0.0026
31.1700	-0.0018
31.1800	-0.0016
31.1900	-0.0000
31.2000	0.0015
31.2100	0.0028
31.2200	0.0043
31.2300	0.0060
31.2400	0.0072
31.2500	0.0075
31.2600	0.0063
31.2700	0.0051
31.2800	0.0034
31.2900	0.0023
31.3000	0.0017
31.3100	0.0012
31.3200	0.0007
31.3300	0.0008
31.3400	0.0018
31.3500	0.0042
31.3600	0.0067
31.3700	0.0089
31.3800	0.0105
31.3900	0.0115
31.4000	0.0124
31.4100	0.0117
31.4200	0.0124
31.4300	0.0120
31.4400	0.0120
31.4500	0.0105
31.4600	0.0083
31.4700	0.0072
31.4800	0.0048
31.4900	0.0028
31.5000	0.0005
31.5100	-0.0010
31.5200	-0.0014
31.5300	-0.0037
31.5400	-0.0055
31.5500	-0.0051
31.5600	-0.0057
31.5700	-0.0063
31.5800	-0.0076
31.5900	-0.0080
31.6000	-0.0085
31.6100	-0.0082
31.6200	-0.0087
31.6300	-0.0085
31.6400	-0.0096
31.6500	-0.0101
31.6600	-0.0074
31.6700	-0.0073
31.6800	-0.0067
31.6900	-0.0058
31.7000	-0.0049
31.7100	-0.0022
31.7200	0.0003
31.7300	0.0039
31.7400	0.0077
31.7500	0.0115
31.7600	0.0139
31.7700	0.0164
31.7800	0.0186
31.7900	0.0199
31.8000	0.0209
31.8100	0.0215
31.8200	0.0223
31.8300	0.0232
31.8400	0.0239
31.8500	0.0242
31.8600	0.0242
31.8700	0.0243
31.8800	0.0243
31.8900	0.0246
31.9000	0.0238
31.9100	0.0231
31.9200	0.0217
31.9300	0.0205
31.9400	0.0192
31.9500	0.0176
31.9600	0.0167
31.9700	0.0149
31.9800	0.0139
31.9900	0.0134
32.0000	0.0124
32.0100	0.0115
32.0200	0.0116
32.0300	0.0112
32.0400	0.0085
32.0500	0.0069
32.0600	0.0061
32.0700	0.0047
32.0800	0.0045
32.0900	0.0026
32.1000	0.0023
32.1100	0.0038
32.1200	0.0029
32.1300	0.0029
32.1400	0.0018
32.1500	0.0023
32.1600	0.0046
32.1700	0.0055
32.1800	0.0053
32.1900	0.0056
32.2000	0.0053
32.2100	0.0062
32.2200	0.0067
32.2300	0.0072
32.2400	0.0073
32.2500	0.0067
32.2600	0.0064
32.2700	0.0049
32.2800	0.0026
32.2900	0.0018
32.3000	0.0007
32.3100	0.0005
32.3200	0.0004
32.3300	0.0013
32.3400	0.0015
32.3500	0.0020
32.3600	0.0034
32.3700	0.0041
32.3800	0.0049
32.3900	0.0051
32.4000	0.0041
32.4100	0.0018
32.4200	-0.0007
32.4300	-0.0042
32.4400	-0.0075
32.4500	-0.0093
32.4600	-0.0085
32.4700	-0.0065
32.4800	-0.0036
32.4900	-0.0013
32.5000	-0.0002
32.5100	-0.0009
32.5200	-0.0000
32.5300	-0.0003
32.5400	-0.0003
32.5500	0.0021
32.5600	0.0061
32.5700	0.0099
32.5800	0.0127
32.5900	0.0150
32.6000	0.0158
32.6100	0.0142
32.6200	0.0111
32.6300	0.0073
32.6400	0.0034
32.6500	0.0009
32.6600	0.0021
32.6700	0.0027
32.6800	0.0038
32.6900	0.0055
32.7000	0.0072
32.7100	0.0068
32.7200	0.0042
32.7300	0.0005
32.7400	-0.0029
32.7500	-0.0056
32.7600	-0.0072
32.7700	-0.0085
32.7800	-0.0083
32.7900	-0.0081
32.8000	-0.0079
32.8100	-0.0083
32.8200	-0.0098
32.8300	-0.0125
32.8400	-0.0150
32.8500	-0.0168
32.8600	-0.0188
32.8700	-0.0190
32.8800	-0.0186
32.8900	-0.0174
32.9000	-0.0163
32.9100	-0.0161
32.9200	-0.0155
32.9300	-0.0154
32.9400	-0.0161
32.9500	-0.0157
32.9600	-0.0159
32.9700	-0.0152
32.9800	-0.0134
32.9900	-0.0114
33.0000	-0.0086
33.0100	-0.0069
33.0200	-0.0046
33.0300	-0.0045
33.0400	-0.0054
33.0500	-0.0047
33.0600	-0.0044
33.0700	-0.0035
33.0800	-0.0030
33.0900	-0.0025
33.1000	-0.0016
33.1100	-0.0024
33.1200	-0.0028
33.1300	-0.0045
33.1400	-0.0070
33.1500	-0.0069
33.1600	-0.0053
33.1700	-0.0061
33.1800	-0.0059
33.1900	-0.0053
33.2000	-0.0031
33.2100	-0.0010
33.2200	0.0000
33.2300	0.0015
33.2400	0.0026
33.2500	0.0019
33.2600	0.0000
33.2700	-0.0018
33.2800	-0.0032
33.2900	-0.0045
33.3000	-0.0040
33.3100	-0.0029
33.3200	-0.0016
33.3300	-0.0001
33.3400	0.0023
33.3500	0.0045
33.3600	0.0064
33.3700	0.0073
33.3800	0.0078
33.3900	0.0088
33.4000	0.0094
33.4100	0.0094
33.4200	0.0098
33.4300	0.0087
33.4400	0.0066
33.4500	0.0040
33.4600	0.0001
33.4700	-0.0027
33.4800	-0.0049
33.4900	-0.0058
33.5000	-0.0063
33.5100	-0.0054
33.5200	-0.0031
33.5300	-0.0021
33.5400	-0.0044
33.5500	-0.0029
33.5600	-0.0032
33.5700	-0.0031
33.5800	-0.0043
33.5900	-0.0049
33.6000	-0.0059
33.6100	-0.0061
33.6200	-0.0072
33.6300	-0.0072
33.6400	-0.0086
33.6500	-0.0095
33.6600	-0.0066
33.6700	-0.0046
33.6800	-0.0040
33.6900	-0.0030
33.7000	-0.0017
33.7100	-0.0009
33.7200	0.0005
33.7300	0.0012
33.7400	0.0014
33.7500	0.0013
33.7600	0.0008
33.7700	-0.0012
33.7800	-0.0021
33.7900	-0.0043
33.8000	-0.0054
33.8100	-0.0048
33.8200	-0.0041
33.8300	-0.0030
33.8400	-0.0015
33.8500	-0.0002
33.8600	0.0004
33.8700	0.0020
33.8800	0.0031
33.8900	0.0035
33.9000	0.0032
33.9100	0.0024
33.9200	0.0012
33.9300	-0.0009
33.9400	-0.0031
33.9500	-0.0049
33.9600	-0.0057
33.9700	-0.0063
33.9800	-0.0067
33.9900	-0.0066
34.0000	-0.0070
34.0100	-0.0070
34.0200	-0.0057
34.0300	-0.0048
34.0400	-0.0059
34.0500	-0.0057
34.0600	-0.0054
34.0700	-0.0053
34.0800	-0.0058
34.0900	-0.0055
34.1000	-0.0061
34.1100	-0.0067
34.1200	-0.0070
34.1300	-0.0076
34.1400	-0.0081
34.1500	-0.0078
34.1600	-0.0059
34.1700	-0.0054
34.1800	-0.0055
34.1900	-0.0052
34.2000	-0.0042
34.2100	-0.0029
34.2200	-0.0016
34.2300	-0.0001
34.2400	0.0007
34.2500	0.0008
34.2600	0.0012
34.2700	0.0007
34.2800	-0.0001
34.2900	-0.0014
34.3000	-0.0035
34.3100	-0.0057
34.3200	-0.0078
34.3300	-0.0095
34.3400	-0.0101
34.3500	-0.0100
34.3600	-0.0077
34.3700	-0.0063
34.3800	-0.0046
34.3900	-0.0033
34.4000	-0.0026
34.4100	-0.0024
34.4200	-0.0023
34.4300	-0.0024
34.4400	-0.0027
34.4500	-0.0035
34.4600	-0.0038
34.4700	-0.0040
34.4800	-0.0044
34.4900	-0.0045
34.5000	-0.0050
34.5100	-0.0042
34.5200	-0.0023
34.5300	-0.0016
34.5400	-0.0023
34.5500	-0.0016
34.5600	-0.0009
34.5700	-0.0002
34.5800	0.0003
34.5900	-0.0005
34.6000	-0.0023
34.6100	-0.0038
34.6200	-0.0051
34.6300	-0.0054
34.6400	-0.0063
34.6500	-0.0063
34.6600	-0.0046
34.6700	-0.0045
34.6800	-0.0049
34.6900	-0.0059
34.7000	-0.0067
34.7100	-0.0066
34.7200	-0.0065
34.7300	-0.0063
34.7400	-0.0051
34.7500	-0.0040
34.7600	-0.0028
34.7700	-0.0025
34.7800	-0.0023
34.7900	-0.0015
34.8000	-0.0010
34.8100	-0.0010
34.8200	-0.0014
34.8300	-0.0021
34.8400	-0.0024
34.8500	-0.0027
34.8600	-0.0029
34.8700	-0.0031
34.8800	-0.0036
34.8900	-0.0044
34.9000	-0.0051
34.9100	-0.0054
34.9200	-0.0061
34.9300	-0.0071
34.9400	-0.0073
34.9500	-0.0080
34.9600	-0.0075
34.9700	-0.0060
34.9800	-0.0046
34.9900	-0.0042
35.0000	-0.0036
35.0100	-0.0022
35.0200	-0.0002
35.0300	0.0001
35.0400	-0.0003
35.0500	0.0008
35.0600	0.0012
35.0700	0.0023
35.0800	0.0028
35.0900	0.0037
35.1000	0.0038
35.1100	0.0041
35.1200	0.0035
35.1300	0.0030
35.1400	0.0018
35.1500	0.0003
35.1600	0.0014
35.1700	0.0018
35.1800	0.0020
35.1900	0.0028
35.2000	0.0028
35.2100	0.0031
35.2200	0.0033
35.2300	0.0033
35.2400	0.0027
35.2500	0.0022
35.2600	0.0013
35.2700	0.0003
35.2800	-0.0003
35.2900	-0.0008
35.3000	0.0002
35.3100	0.0011
35.3200	0.0014
35.3300	0.0019
35.3400	0.0019
35.3500	0.0010
35.3600	-0.0012
35.3700	-0.0031
35.3800	-0.0043
35.3900	-0.0041
35.4000	-0.0037
35.4100	-0.0033
35.4200	-0.0035
35.4300	-0.0035
35.4400	-0.0034
35.4500	-0.0021
35.4600	-0.0016
35.4700	-0.0016
35.4800	-0.0015
35.4900	-0.0010
35.5000	-0.0013
35.5100	-0.0003
35.5200	0.0013
35.5300	0.0015
35.5400	0.0008
35.5500	-0.0004
35.5600	-0.0001
35.5700	0.0006
35.5800	0.0008
35.5900	0.0016
35.6000	0.0042
35.6100	0.0052
35.6200	0.0067
35.6300	0.0075
35.6400	0.0066
35.6500	0.0065
35.6600	0.0090
35.6700	0.0093
35.6800	0.0096
35.6900	0.0098
35.7000	0.0091
35.7100	0.0089
35.7200	0.0087
35.7300	0.0075
35.7400	0.0066
35.7500	0.0048
35.7600	0.0037
35.7700	0.0024
35.7800	0.0013
35.7900	0.0002
35.8000	-0.0008
35.8100	-0.0025
35.8200	-0.0041
35.8300	-0.0048
35.8400	-0.0063
35.8500	-0.0072
35.8600	-0.0086
35.8700	-0.0089
35.8800	-0.0093
35.8900	-0.0090
35.9000	-0.0080
35.9100	-0.0071
35.9200	-0.0054
35.9300	-0.0058
35.9400	-0.0060
35.9500	-0.0068
35.9600	-0.0079
35.9700	-0.0094
35.9800	-0.0098
35.9900	-0.0095
36.0000	-0.0083
36.0100	-0.0057
36.0200	-0.0030
36.0300	-0.0024
36.0400	-0.0025
36.0500	-0.0020
36.0600	-0.0020
36.0700	-0.0028
36.0800	-0.0040
36.0900	-0.0053
36.1000	-0.0064
36.1100	-0.0075
36.1200	-0.0079
36.1300	-0.0082
36.1400	-0.0094
36.1500	-0.0097
36.1600	-0.0083
36.1700	-0.0089
36.1800	-0.0093
36.1900	-0.0105
36.2000	-0.0114
36.2100	-0.0127
36.2200	-0.0143
36.2300	-0.0151
36.2400	-0.0154
36.2500	-0.0151
36.2600	-0.0137
36.2700	-0.0121
36.2800	-0.0113
36.2900	-0.0101
36.3000	-0.0084
36.3100	-0.0068
36.3200	-0.0056
36.3300	-0.0044
36.3400	-0.0037
36.3500	-0.0030
36.3600	-0.0027
36.3700	-0.0025
36.3800	-0.0022
36.3900	-0.0014
36.4000	-0.0007
36.4100	0.0002
36.4200	0.0011
36.4300	0.0013
36.4400	0.0007
36.4500	0.0006
36.4600	0.0002
36.4700	0.0001
36.4800	-0.0002
36.4900	-0.0004
36.5000	-0.0013
36.5100	-0.0013
36.5200	0.0001
36.5300	-0.0005
36.5400	-0.0021
36.5500	-0.0025
36.5600	-0.0027
36.5700	-0.0027
36.5800	-0.0026
36.5900	-0.0024
36.6000	-0.0019
36.6100	-0.0006
36.6200	0.0013
36.6300	0.0024
36.6400	0.0021
36.6500	0.0020
36.6600	0.0030
36.6700	0.0029
36.6800	0.0022
36.6900	0.0025
36.7000	0.0028
36.7100	0.0041
36.7200	0.0047
36.7300	0.0051
36.7400	0.0053
36.7500	0.0039
36.7600	0.0021
36.7700	0.0012
36.7800	0.0005
36.7900	0.0003
36.8000	0.0001
36.8100	0.0003
36.8200	0.0002
36.8300	0.0004
36.8400	-0.0001
36.8500	-0.0004
36.8600	-0.0004
36.8700	-0.0002
36.8800	0.0002
36.8900	0.0013
36.9000	0.0028
36.9100	0.0044
36.9200	0.0055
36.9300	0.0061
36.9400	0.0064
36.9500	0.0065
36.9600	0.0065
36.9700	0.0062
36.9800	0.0060
36.9900	0.0054
37.0000	0.0056
37.0100	0.0061
37.0200	0.0071
37.0300	0.0070
37.0400	0.0056
37.0500	0.0051
37.0600	0.0041
37.0700	0.0031
37.0800	0.0021
37.0900	0.0015
37.1000	0.0007
37.1100	-0.0002
37.1200	-0.0004
37.1300	-0.0008
37.1400	-0.0016
37.1500	-0.0017
37.1600	0.0001
37.1700	0.0016
37.1800	0.0032
37.1900	0.0041
37.2000	0.0051
37.2100	0.0058
37.2200	0.0062
37.2300	0.0064
37.2400	0.0061
37.2500	0.0059
37.2600	0.0056
37.2700	0.0053
37.2800	0.0050
37.2900	0.0052
37.3000	0.0053
37.3100	0.0052
37.3200	0.0050
37.3300	0.0048
37.3400	0.0043
37.3500	0.0036
37.3600	0.0027
37.3700	0.0021
37.3800	0.0017
37.3900	0.0014
37.4000	0.0015
37.4100	0.0014
37.4200	0.0008
37.4300	0.0006
37.4400	0.0002
37.4500	-0.0001
37.4600	-0.0001
37.4700	0.0002
37.4800	0.0009
37.4900	0.0015
37.5000	0.0021
37.5100	0.0028
37.5200	0.0036
37.5300	0.0030
37.5400	0.0022
37.5500	0.0022
37.5600	0.0026
37.5700	0.0027
37.5800	0.0028
37.5900	0.0028
37.6000	0.0033
37.6100	0.0033
37.6200	0.0037
37.6300	0.0040
37.6400	0.0038
37.6500	0.0042
37.6600	0.0051
37.6700	0.0059
37.6800	0.0061
37.6900	0.0067
37.7000	0.0069
37.7100	0.0068
37.7200	0.0068
37.7300	0.0064
37.7400	0.0061
37.7500	0.0056
37.7600	0.0053
37.7700	0.0051
37.7800	0.0053
37.7900	0.0054
37.8000	0.0051
37.8100	0.0049
37.8200	0.0049
37.8300	0.0046
37.8400	0.0039
37.8500	0.0031
37.8600	0.0024
37.8700	0.0016
37.8800	0.0012
37.8900	0.0006
37.9000	0.0002
37.9100	-0.0002
37.9200	-0.0007
37.9300	-0.0009
37.9400	-0.0008
37.9500	-0.0007
37.9600	-0.0002
37.9700	-0.0001
37.9800	-0.0000
37.9900	0.0001
38.0000	0.0001
38.0100	0.0002
38.0200	0.0003
38.0300	-0.0001
38.0400	-0.0003
38.0500	-0.0007
38.0600	-0.0010
38.0700	-0.0009
38.0800	-0.0008
38.0900	-0.0004
38.1000	-0.0002
38.1100	-0.0002
38.1200	-0.0004
38.1300	-0.0003
38.1400	-0.0007
38.1500	-0.0008
38.1600	-0.0004
38.1700	0.0001
38.1800	0.0008
38.1900	0.0011
38.2000	0.0017
38.2100	0.0021
38.2200	0.0024
38.2300	0.0027
38.2400	0.0028
38.2500	0.0026
38.2600	0.0024
38.2700	0.0021
38.2800	0.0019
38.2900	0.0016
38.3000	0.0013
38.3100	0.0010
38.3200	0.0008
38.3300	0.0006
38.3400	0.0003
38.3500	0.0002
38.3600	-0.0000
38.3700	-0.0001
38.3800	-0.0004
38.3900	-0.0005
38.4000	-0.0006
38.4100	-0.0008
38.4200	-0.0009
38.4300	-0.0010
38.4400	-0.0011
38.4500	-0.0013
38.4600	-0.0015
38.4700	-0.0016
38.4800	-0.0018
38.4900	-0.0018
38.5000	-0.0018
38.5100	-0.0017
38.5200	-0.0014
38.5300	-0.0013
38.5400	-0.0013
38.5500	-0.0012
38.5600	-0.0011
38.5700	-0.0010
38.5800	-0.0009
38.5900	-0.0008
38.6000	-0.0007
38.6100	-0.0005
38.6200	-0.0004
38.6300	-0.0004
38.6400	-0.0005
38.6500	-0.0004
38.6600	-0.0003
38.6700	-0.0003
38.6800	-0.0003
38.6900	-0.0003
38.7000	-0.0002
38.7100	-0.0001
38.7200	-0.0001
38.7300	-0.0001
38.7400	-0.0001
38.7500	-0.0002
38.7600	-0.0003
38.7700	-0.0003
38.7800	-0.0004
38.7900	-0.0004
38.8000	-0.0004
38.8100	-0.0004
38.8200	-0.0004
38.8300	-0.0004
38.8400	-0.0003
38.8500	-0.0003
38.8600	-0.0003
38.8700	-0.0003
38.8800	-0.0003
38.8900	-0.0003
38.9000	-0.0003
38.9100	-0.0003
38.9200	-0.0003
38.9300	-0.0003
38.9400	-0.0002
38.9500	-0.0003
38.9600	-0.0003
38.9700	-0.0003
38.9800	-0.0003
38.9900	-0.0003
39.0000	-0.0003
39.0100	-0.0003
39.0200	-0.0003
39.0300	-0.0003
39.0400	-0.0003
39.0500	-0.0003
39.0600	-0.0003
39.0700	-0.0003
39.0800	-0.0003
39.0900	-0.0003
39.1000	-0.0003
39.1100	-0.0003
39.1200	-0.0003
39.1300	-0.0003
39.1400	-0.0003
39.1500	-0.0003
39.1600	-0.0003
39.1700	-0.0003
39.1800	-0.0003
39.1900	-0.0003
39.2000	-0.0003
39.2100	-0.0003
39.2200	-0.0003
39.2300	-0.0003
39.2400	-0.0003
39.2500	-0.0003
39.2600	-0.0003
39.2700	-0.0003
39.2800	-0.0003
39.2900	-0.0003
39.3000	-0.0002
39.3100	-0.0002
39.3200	-0.0002
39.3300	-0.0002
39.3400	-0.0002
39.3500	-0.0002
39.3600	-0.0002
39.3700	-0.0002
39.3800	-0.0002
39.3900	-0.0002
39.4000	-0.0002
39.4100	-0.0002
39.4200	-0.0002
39.4300	-0.0002
39.4400	-0.0002
39.4500	-0.0002
39.4600	-0.0002
39.4700	-0.0002
39.4800	-0.0002
