The Kobe (Japan) earthquake of January 16, 1995.
Source: PEER Strong Motion Database
Recording station: KAKOGAWA(CUE90)
Frequency range: 0.1-unknown
Time[s] Accel[g]
0.0000	0.0000
0.0100	0.0000
0.0200	0.0000
0.0300	-0.0000
0.0400	-0.0000
0.0500	-0.0000
0.0600	0.0000
0.0700	0.0001
0.0800	0.0001
0.0900	0.0000
0.1000	-0.0000
0.1100	-0.0001
0.1200	-0.0001
0.1300	-0.0001
0.1400	-0.0001
0.1500	-0.0001
0.1600	-0.0001
0.1700	-0.0001
0.1800	0.0001
0.1900	0.0003
0.2000	0.0004
0.2100	0.0004
0.2200	0.0005
0.2300	0.0006
0.2400	0.0007
0.2500	0.0006
0.2600	0.0003
0.2700	-0.0000
0.2800	0.0001
0.2900	0.0002
0.3000	0.0003
0.3100	0.0003
0.3200	-0.0000
0.3300	-0.0006
0.3400	-0.0010
0.3500	-0.0009
0.3600	-0.0009
0.3700	-0.0008
0.3800	-0.0005
0.3900	0.0001
0.4000	0.0004
0.4100	0.0002
0.4200	-0.0004
0.4300	-0.0009
0.4400	-0.0010
0.4500	-0.0008
0.4600	-0.0007
0.4700	-0.0001
0.4800	0.0009
0.4900	0.0019
0.5000	0.0029
0.5100	0.0034
0.5200	0.0034
0.5300	0.0031
0.5400	0.0026
0.5500	0.0013
0.5600	-0.0001
0.5700	-0.0013
0.5800	-0.0017
0.5900	-0.0016
0.6000	-0.0018
0.6100	-0.0018
0.6200	-0.0012
0.6300	-0.0002
0.6400	-0.0002
0.6500	-0.0009
0.6600	-0.0012
0.6700	-0.0007
0.6800	-0.0008
0.6900	-0.0015
0.7000	-0.0023
0.7100	-0.0040
0.7200	-0.0049
0.7300	-0.0046
0.7400	-0.0034
0.7500	-0.0021
0.7600	-0.0015
0.7700	-0.0006
0.7800	0.0007
0.7900	0.0006
0.8000	-0.0014
0.8100	-0.0033
0.8200	-0.0043
0.8300	-0.0043
0.8400	-0.0031
0.8500	0.0003
0.8600	0.0038
0.8700	0.0054
0.8800	0.0043
0.8900	0.0017
0.9000	-0.0009
0.9100	-0.0028
0.9200	-0.0030
0.9300	-0.0010
0.9400	0.0000
0.9500	-0.0005
0.9600	-0.0022
0.9700	-0.0033
0.9800	-0.0050
0.9900	-0.0082
1.0000	-0.0094
1.0100	-0.0064
1.0200	-0.0023
1.0300	0.0007
1.0400	0.0043
1.0500	0.0075
1.0600	0.0091
1.0700	0.0090
1.0800	0.0074
1.0900	0.0027
1.1000	-0.0030
1.1100	-0.0083
1.1200	-0.0083
1.1300	-0.0033
1.1400	-0.0016
1.1500	-0.0037
1.1600	-0.0044
1.1700	-0.0022
1.1800	-0.0005
1.1900	-0.0003
1.2000	-0.0013
1.2100	-0.0010
1.2200	-0.0036
1.2300	-0.0073
1.2400	-0.0119
1.2500	-0.0126
1.2600	-0.0045
1.2700	0.0071
1.2800	0.0168
1.2900	0.0219
1.3000	0.0177
1.3100	0.0093
1.3200	0.0035
1.3300	0.0017
1.3400	-0.0007
1.3500	-0.0059
1.3600	-0.0128
1.3700	-0.0196
1.3800	-0.0192
1.3900	-0.0177
1.4000	-0.0158
1.4100	-0.0082
1.4200	0.0042
1.4300	0.0073
1.4400	0.0013
1.4500	-0.0031
1.4600	0.0000
1.4700	0.0103
1.4800	0.0198
1.4900	0.0249
1.5000	0.0269
1.5100	0.0249
1.5200	0.0161
1.5300	0.0068
1.5400	0.0014
1.5500	-0.0017
1.5600	-0.0091
1.5700	-0.0130
1.5800	-0.0073
1.5900	0.0028
1.6000	0.0097
1.6100	0.0129
1.6200	0.0157
1.6300	0.0154
1.6400	0.0076
1.6500	0.0001
1.6600	0.0018
1.6700	0.0054
1.6800	-0.0006
1.6900	-0.0098
1.7000	-0.0069
1.7100	0.0056
1.7200	0.0097
1.7300	0.0014
1.7400	-0.0066
1.7500	-0.0031
1.7600	-0.0004
1.7700	-0.0058
1.7800	-0.0111
1.7900	-0.0113
1.8000	-0.0046
1.8100	0.0050
1.8200	0.0112
1.8300	0.0139
1.8400	0.0119
1.8500	0.0027
1.8600	-0.0042
1.8700	-0.0009
1.8800	0.0076
1.8900	0.0140
1.9000	0.0126
1.9100	0.0093
1.9200	0.0038
1.9300	-0.0038
1.9400	-0.0112
1.9500	-0.0102
1.9600	-0.0050
1.9700	-0.0087
1.9800	-0.0197
1.9900	-0.0214
2.0000	-0.0085
2.0100	0.0059
2.0200	0.0174
2.0300	0.0281
2.0400	0.0345
2.0500	0.0358
2.0600	0.0335
2.0700	0.0271
2.0800	0.0178
2.0900	0.0083
2.1000	0.0037
2.1100	0.0073
2.1200	0.0160
2.1300	0.0213
2.1400	0.0270
2.1500	0.0370
2.1600	0.0439
2.1700	0.0404
2.1800	0.0340
2.1900	0.0353
2.2000	0.0390
2.2100	0.0397
2.2200	0.0334
2.2300	0.0190
2.2400	0.0066
2.2500	0.0025
2.2600	-0.0005
2.2700	-0.0017
2.2800	-0.0033
2.2900	-0.0070
2.3000	-0.0156
2.3100	-0.0218
2.3200	-0.0237
2.3300	-0.0212
2.3400	-0.0172
2.3500	-0.0208
2.3600	-0.0368
2.3700	-0.0603
2.3800	-0.0801
2.3900	-0.0883
2.4000	-0.0875
2.4100	-0.0847
2.4200	-0.0771
2.4300	-0.0500
2.4400	-0.0088
2.4500	0.0249
2.4600	0.0426
2.4700	0.0488
2.4800	0.0510
2.4900	0.0501
2.5000	0.0439
2.5100	0.0261
2.5200	0.0011
2.5300	-0.0277
2.5400	-0.0515
2.5500	-0.0654
2.5600	-0.0731
2.5700	-0.0748
2.5800	-0.0647
2.5900	-0.0450
2.6000	-0.0247
2.6100	-0.0096
2.6200	0.0051
2.6300	0.0261
2.6400	0.0414
2.6500	0.0437
2.6600	0.0426
2.6700	0.0479
2.6800	0.0638
2.6900	0.0806
2.7000	0.0856
2.7100	0.0753
2.7200	0.0464
2.7300	0.0119
2.7400	-0.0065
2.7500	-0.0067
2.7600	-0.0107
2.7700	-0.0339
2.7800	-0.0694
2.7900	-0.1075
2.8000	-0.1376
2.8100	-0.1458
2.8200	-0.1313
2.8300	-0.1111
2.8400	-0.0950
2.8500	-0.0765
2.8600	-0.0425
2.8700	0.0000
2.8800	0.0309
2.8900	0.0366
2.9000	0.0428
2.9100	0.0503
2.9200	0.0456
2.9300	0.0251
2.9400	-0.0005
2.9500	-0.0299
2.9600	-0.0571
2.9700	-0.0681
2.9800	-0.0703
2.9900	-0.0708
3.0000	-0.0682
3.0100	-0.0667
3.0200	-0.0683
3.0300	-0.0698
3.0400	-0.0599
3.0500	-0.0412
3.0600	-0.0261
3.0700	-0.0211
3.0800	-0.0282
3.0900	-0.0415
3.1000	-0.0551
3.1100	-0.0616
3.1200	-0.0516
3.1300	-0.0215
3.1400	0.0234
3.1500	0.0720
3.1600	0.1124
3.1700	0.1392
3.1800	0.1463
3.1900	0.1306
3.2000	0.1070
3.2100	0.0907
3.2200	0.0822
3.2300	0.0718
3.2400	0.0554
3.2500	0.0384
3.2600	0.0282
3.2700	0.0354
3.2800	0.0483
3.2900	0.0545
3.3000	0.0528
3.3100	0.0567
3.3200	0.0596
3.3300	0.0509
3.3400	0.0494
3.3500	0.0597
3.3600	0.0613
3.3700	0.0394
3.3800	-0.0047
3.3900	-0.0514
3.4000	-0.0905
3.4100	-0.1233
3.4200	-0.1486
3.4300	-0.1565
3.4400	-0.1485
3.4500	-0.1470
3.4600	-0.1544
3.4700	-0.1402
3.4800	-0.0810
3.4900	0.0051
3.5000	0.0916
3.5100	0.1711
3.5200	0.2283
3.5300	0.2599
3.5400	0.2668
3.5500	0.2547
3.5600	0.2318
3.5700	0.1985
3.5800	0.1632
3.5900	0.1235
3.6000	0.0790
3.6100	0.0325
3.6200	-0.0055
3.6300	-0.0309
3.6400	-0.0426
3.6500	-0.0320
3.6600	-0.0063
3.6700	0.0093
3.6800	0.0012
3.6900	-0.0182
3.7000	-0.0420
3.7100	-0.0720
3.7200	-0.0954
3.7300	-0.1074
3.7400	-0.1189
3.7500	-0.1297
3.7600	-0.1170
3.7700	-0.0740
3.7800	-0.0250
3.7900	0.0172
3.8000	0.0563
3.8100	0.0871
3.8200	0.1131
3.8300	0.1239
3.8400	0.1272
3.8500	0.1212
3.8600	0.0953
3.8700	0.0658
3.8800	0.0334
3.8900	0.0058
3.9000	-0.0260
3.9100	-0.0583
3.9200	-0.0784
3.9300	-0.0757
3.9400	-0.0693
3.9500	-0.0867
3.9600	-0.1003
3.9700	-0.0829
3.9800	-0.0520
3.9900	-0.0323
4.0000	-0.0100
4.0100	0.0179
4.0200	0.0424
4.0300	0.0546
4.0400	0.0567
4.0500	0.0588
4.0600	0.0630
4.0700	0.0657
4.0800	0.0703
4.0900	0.0695
4.1000	0.0622
4.1100	0.0518
4.1200	0.0515
4.1300	0.0680
4.1400	0.0848
4.1500	0.0900
4.1600	0.0838
4.1700	0.0697
4.1800	0.0470
4.1900	0.0137
4.2000	-0.0303
4.2100	-0.0775
4.2200	-0.1205
4.2300	-0.1556
4.2400	-0.1825
4.2500	-0.1951
4.2600	-0.1724
4.2700	-0.1126
4.2800	-0.0437
4.2900	0.0176
4.3000	0.0478
4.3100	0.0621
4.3200	0.0662
4.3300	0.0499
4.3400	0.0147
4.3500	-0.0191
4.3600	-0.0476
4.3700	-0.0707
4.3800	-0.0751
4.3900	-0.0614
4.4000	-0.0499
4.4100	-0.0498
4.4200	-0.0583
4.4300	-0.0615
4.4400	-0.0601
4.4500	-0.0620
4.4600	-0.0659
4.4700	-0.0741
4.4800	-0.0840
4.4900	-0.0904
4.5000	-0.0683
4.5100	-0.0243
4.5200	0.0225
4.5300	0.0545
4.5400	0.0848
4.5500	0.1082
4.5600	0.1142
4.5700	0.1067
4.5800	0.0998
4.5900	0.0885
4.6000	0.0556
4.6100	-0.0115
4.6200	-0.0939
4.6300	-0.1591
4.6400	-0.1883
4.6500	-0.1843
4.6600	-0.1664
4.6700	-0.1413
4.6800	-0.0939
4.6900	-0.0302
4.7000	0.0158
4.7100	0.0299
4.7200	0.0241
4.7300	0.0123
4.7400	-0.0017
4.7500	-0.0278
4.7600	-0.0701
4.7700	-0.1242
4.7800	-0.1711
4.7900	-0.1704
4.8000	-0.1422
4.8100	-0.1202
4.8200	-0.1095
4.8300	-0.0875
4.8400	-0.0447
4.8500	-0.0010
4.8600	0.0223
4.8700	0.0288
4.8800	0.0338
4.8900	0.0289
4.9000	0.0097
4.9100	-0.0233
4.9200	-0.0520
4.9300	-0.0675
4.9400	-0.0831
4.9500	-0.1018
4.9600	-0.1207
4.9700	-0.1296
4.9800	-0.1246
4.9900	-0.1139
5.0000	-0.1064
5.0100	-0.0979
5.0200	-0.0570
5.0300	0.0142
5.0400	0.0828
5.0500	0.1443
5.0600	0.2001
5.0700	0.2394
5.0800	0.2624
5.0900	0.2664
5.1000	0.2512
5.1100	0.2194
5.1200	0.1751
5.1300	0.1200
5.1400	0.0630
5.1500	0.0203
5.1600	-0.0005
5.1700	-0.0032
5.1800	-0.0019
5.1900	-0.0148
5.2000	-0.0291
5.2100	-0.0319
5.2200	-0.0346
5.2300	-0.0528
5.2400	-0.0798
5.2500	-0.1079
5.2600	-0.1403
5.2700	-0.1669
5.2800	-0.1739
5.2900	-0.1591
5.3000	-0.1145
5.3100	-0.0447
5.3200	0.0303
5.3300	0.0930
5.3400	0.1339
5.3500	0.1473
5.3600	0.1350
5.3700	0.0913
5.3800	0.0282
5.3900	-0.0385
5.4000	-0.0914
5.4100	-0.1201
5.4200	-0.1201
5.4300	-0.0980
5.4400	-0.0663
5.4500	-0.0308
5.4600	0.0214
5.4700	0.0925
5.4800	0.1723
5.4900	0.2313
5.5000	0.2585
5.5100	0.2627
5.5200	0.2573
5.5300	0.2545
5.5400	0.2515
5.5500	0.2296
5.5600	0.1989
5.5700	0.1696
5.5800	0.1387
5.5900	0.1132
5.6000	0.0995
5.6100	0.0985
5.6200	0.0988
5.6300	0.0946
5.6400	0.0915
5.6500	0.0798
5.6600	0.0592
5.6700	0.0442
5.6800	0.0342
5.6900	0.0235
5.7000	0.0093
5.7100	0.0065
5.7200	0.0210
5.7300	0.0388
5.7400	0.0655
5.7500	0.1146
5.7600	0.1517
5.7700	0.1638
5.7800	0.1482
5.7900	0.1190
5.8000	0.0884
5.8100	0.0640
5.8200	0.0389
5.8300	0.0157
5.8400	0.0004
5.8500	-0.0155
5.8600	-0.0299
5.8700	-0.0532
5.8800	-0.0742
5.8900	-0.0711
5.9000	-0.0499
5.9100	-0.0413
5.9200	-0.0614
5.9300	-0.1014
5.9400	-0.1258
5.9500	-0.1220
5.9600	-0.1126
5.9700	-0.1259
5.9800	-0.1657
5.9900	-0.1892
6.0000	-0.1629
6.0100	-0.1112
6.0200	-0.0643
6.0300	-0.0289
6.0400	-0.0038
6.0500	0.0052
6.0600	-0.0003
6.0700	-0.0108
6.0800	-0.0235
6.0900	-0.0408
6.1000	-0.0596
6.1100	-0.0761
6.1200	-0.0824
6.1300	-0.0777
6.1400	-0.0748
6.1500	-0.0848
6.1600	-0.1029
6.1700	-0.1069
6.1800	-0.0866
6.1900	-0.0697
6.2000	-0.0726
6.2100	-0.0735
6.2200	-0.0589
6.2300	-0.0423
6.2400	-0.0420
6.2500	-0.0522
6.2600	-0.0541
6.2700	-0.0437
6.2800	-0.0276
6.2900	-0.0190
6.3000	-0.0275
6.3100	-0.0442
6.3200	-0.0556
6.3300	-0.0690
6.3400	-0.0870
6.3500	-0.0975
6.3600	-0.0897
6.3700	-0.0745
6.3800	-0.0685
6.3900	-0.0643
6.4000	-0.0517
6.4100	-0.0289
6.4200	-0.0023
6.4300	0.0209
6.4400	0.0418
6.4500	0.0632
6.4600	0.0744
6.4700	0.0638
6.4800	0.0274
6.4900	-0.0215
6.5000	-0.0739
6.5100	-0.1056
6.5200	-0.1047
6.5300	-0.0822
6.5400	-0.0515
6.5500	-0.0227
6.5600	-0.0020
6.5700	0.0113
6.5800	0.0211
6.5900	0.0349
6.6000	0.0488
6.6100	0.0553
6.6200	0.0488
6.6300	0.0290
6.6400	0.0008
6.6500	-0.0245
6.6600	-0.0438
6.6700	-0.0624
6.6800	-0.0793
6.6900	-0.0858
6.7000	-0.0868
6.7100	-0.0847
6.7200	-0.0785
6.7300	-0.0732
6.7400	-0.0715
6.7500	-0.0719
6.7600	-0.0744
6.7700	-0.0748
6.7800	-0.0694
6.7900	-0.0612
6.8000	-0.0577
6.8100	-0.0641
6.8200	-0.0714
6.8300	-0.0711
6.8400	-0.0544
6.8500	-0.0148
6.8600	0.0447
6.8700	0.1094
6.8800	0.1613
6.8900	0.2002
6.9000	0.2420
6.9100	0.2899
6.9200	0.3314
6.9300	0.3447
6.9400	0.3229
6.9500	0.2838
6.9600	0.2416
6.9700	0.1988
6.9800	0.1443
6.9900	0.0790
7.0000	0.0112
7.0100	-0.0514
7.0200	-0.1040
7.0300	-0.1390
7.0400	-0.1672
7.0500	-0.2068
7.0600	-0.2447
7.0700	-0.2402
7.0800	-0.1989
7.0900	-0.1512
7.1000	-0.1151
7.1100	-0.0919
7.1200	-0.0765
7.1300	-0.0634
7.1400	-0.0619
7.1500	-0.0666
7.1600	-0.0593
7.1700	-0.0496
7.1800	-0.0472
7.1900	-0.0498
7.2000	-0.0391
7.2100	-0.0121
7.2200	0.0214
7.2300	0.0518
7.2400	0.0764
7.2500	0.1003
7.2600	0.1309
7.2700	0.1664
7.2800	0.2003
7.2900	0.2284
7.3000	0.2351
7.3100	0.2198
7.3200	0.1813
7.3300	0.1280
7.3400	0.0851
7.3500	0.0694
7.3600	0.0793
7.3700	0.0907
7.3800	0.0958
7.3900	0.0941
7.4000	0.0881
7.4100	0.0810
7.4200	0.0581
7.4300	0.0340
7.4400	0.0273
7.4500	0.0329
7.4600	0.0243
7.4700	-0.0057
7.4800	-0.0403
7.4900	-0.0595
7.5000	-0.0607
7.5100	-0.0431
7.5200	-0.0057
7.5300	0.0382
7.5400	0.0724
7.5500	0.0921
7.5600	0.1042
7.5700	0.1129
7.5800	0.1177
7.5900	0.1172
7.6000	0.1076
7.6100	0.0894
7.6200	0.0659
7.6300	0.0455
7.6400	0.0362
7.6500	0.0410
7.6600	0.0509
7.6700	0.0566
7.6800	0.0499
7.6900	0.0340
7.7000	0.0133
7.7100	-0.0099
7.7200	-0.0346
7.7300	-0.0664
7.7400	-0.1022
7.7500	-0.1233
7.7600	-0.1199
7.7700	-0.0975
7.7800	-0.0644
7.7900	-0.0311
7.8000	-0.0113
7.8100	-0.0074
7.8200	-0.0191
7.8300	-0.0279
7.8400	-0.0296
7.8500	-0.0346
7.8600	-0.0466
7.8700	-0.0501
7.8800	-0.0406
7.8900	-0.0283
7.9000	-0.0120
7.9100	0.0207
7.9200	0.0627
7.9300	0.0950
7.9400	0.1122
7.9500	0.1192
7.9600	0.1252
7.9700	0.1246
7.9800	0.1127
7.9900	0.0881
8.0000	0.0527
8.0100	0.0074
8.0200	-0.0536
8.0300	-0.1316
8.0400	-0.2081
8.0500	-0.2521
8.0600	-0.2616
8.0700	-0.2495
8.0800	-0.2392
8.0900	-0.2403
8.1000	-0.2381
8.1100	-0.2134
8.1200	-0.1730
8.1300	-0.1373
8.1400	-0.1121
8.1500	-0.0920
8.1600	-0.0726
8.1700	-0.0596
8.1800	-0.0580
8.1900	-0.0644
8.2000	-0.0701
8.2100	-0.0800
8.2200	-0.0899
8.2300	-0.0933
8.2400	-0.0841
8.2500	-0.0647
8.2600	-0.0431
8.2700	-0.0226
8.2800	-0.0044
8.2900	0.0077
8.3000	0.0130
8.3100	0.0128
8.3200	0.0066
8.3300	-0.0062
8.3400	-0.0283
8.3500	-0.0590
8.3600	-0.0945
8.3700	-0.1277
8.3800	-0.1442
8.3900	-0.1397
8.4000	-0.1247
8.4100	-0.1046
8.4200	-0.0837
8.4300	-0.0645
8.4400	-0.0434
8.4500	-0.0256
8.4600	-0.0167
8.4700	-0.0133
8.4800	-0.0045
8.4900	0.0040
8.5000	0.0069
8.5100	0.0116
8.5200	0.0238
8.5300	0.0339
8.5400	0.0386
8.5500	0.0462
8.5600	0.0642
8.5700	0.0939
8.5800	0.1253
8.5900	0.1455
8.6000	0.1487
8.6100	0.1358
8.6200	0.1093
8.6300	0.0736
8.6400	0.0418
8.6500	0.0296
8.6600	0.0369
8.6700	0.0545
8.6800	0.0849
8.6900	0.1184
8.7000	0.1441
8.7100	0.1556
8.7200	0.1548
8.7300	0.1419
8.7400	0.1115
8.7500	0.0566
8.7600	-0.0017
8.7700	-0.0504
8.7800	-0.0858
8.7900	-0.1050
8.8000	-0.0946
8.8100	-0.0416
8.8200	0.0428
8.8300	0.1394
8.8400	0.2200
8.8500	0.2538
8.8600	0.2407
8.8700	0.2220
8.8800	0.2114
8.8900	0.1974
8.9000	0.1650
8.9100	0.1168
8.9200	0.0524
8.9300	-0.0212
8.9400	-0.0882
8.9500	-0.1174
8.9600	-0.1105
8.9700	-0.0904
8.9800	-0.0593
8.9900	-0.0091
9.0000	0.0434
9.0100	0.0763
9.0200	0.0857
9.0300	0.0815
9.0400	0.0822
9.0500	0.0858
9.0600	0.0805
9.0700	0.0715
9.0800	0.0632
9.0900	0.0561
9.1000	0.0541
9.1100	0.0586
9.1200	0.0619
9.1300	0.0530
9.1400	0.0301
9.1500	0.0016
9.1600	-0.0202
9.1700	-0.0271
9.1800	-0.0129
9.1900	0.0178
9.2000	0.0489
9.2100	0.0668
9.2200	0.0693
9.2300	0.0646
9.2400	0.0468
9.2500	0.0089
9.2600	-0.0411
9.2700	-0.0915
9.2800	-0.1359
9.2900	-0.1686
9.3000	-0.1783
9.3100	-0.1640
9.3200	-0.1322
9.3300	-0.1008
9.3400	-0.0782
9.3500	-0.0573
9.3600	-0.0381
9.3700	-0.0274
9.3800	-0.0316
9.3900	-0.0463
9.4000	-0.0661
9.4100	-0.0838
9.4200	-0.1048
9.4300	-0.1325
9.4400	-0.1493
9.4500	-0.1464
9.4600	-0.1332
9.4700	-0.1191
9.4800	-0.1018
9.4900	-0.0826
9.5000	-0.0681
9.5100	-0.0547
9.5200	-0.0362
9.5300	-0.0067
9.5400	0.0269
9.5500	0.0522
9.5600	0.0545
9.5700	0.0384
9.5800	0.0116
9.5900	-0.0165
9.6000	-0.0311
9.6100	-0.0307
9.6200	-0.0259
9.6300	-0.0212
9.6400	-0.0103
9.6500	0.0137
9.6600	0.0440
9.6700	0.0750
9.6800	0.1091
9.6900	0.1462
9.7000	0.1798
9.7100	0.1899
9.7200	0.1760
9.7300	0.1444
9.7400	0.0976
9.7500	0.0378
9.7600	-0.0287
9.7700	-0.0863
9.7800	-0.1241
9.7900	-0.1503
9.8000	-0.1811
9.8100	-0.1863
9.8200	-0.1367
9.8300	-0.0481
9.8400	0.0464
9.8500	0.1384
9.8600	0.2131
9.8700	0.2543
9.8800	0.2593
9.8900	0.2262
9.9000	0.1627
9.9100	0.0891
9.9200	0.0140
9.9300	-0.0527
9.9400	-0.0982
9.9500	-0.1058
9.9600	-0.0769
9.9700	-0.0259
9.9800	0.0267
9.9900	0.0633
10.0000	0.0843
10.0100	0.0932
10.0200	0.0887
10.0300	0.0661
10.0400	0.0252
10.0500	-0.0231
10.0600	-0.0628
10.0700	-0.0924
10.0800	-0.1178
10.0900	-0.1479
10.1000	-0.1803
10.1100	-0.2104
10.1200	-0.2315
10.1300	-0.2358
10.1400	-0.2152
10.1500	-0.1785
10.1600	-0.1353
10.1700	-0.0877
10.1800	-0.0353
10.1900	0.0166
10.2000	0.0626
10.2100	0.1019
10.2200	0.1360
10.2300	0.1586
10.2400	0.1641
10.2500	0.1545
10.2600	0.1330
10.2700	0.1033
10.2800	0.0781
10.2900	0.0661
10.3000	0.0626
10.3100	0.0612
10.3200	0.0541
10.3300	0.0435
10.3400	0.0313
10.3500	0.0177
10.3600	-0.0019
10.3700	-0.0276
10.3800	-0.0566
10.3900	-0.0834
10.4000	-0.1017
10.4100	-0.1115
10.4200	-0.1161
10.4300	-0.1188
10.4400	-0.1223
10.4500	-0.1144
10.4600	-0.0843
10.4700	-0.0425
10.4800	0.0038
10.4900	0.0554
10.5000	0.1012
10.5100	0.1261
10.5200	0.1230
10.5300	0.1026
10.5400	0.0741
10.5500	0.0408
10.5600	0.0038
10.5700	-0.0319
10.5800	-0.0577
10.5900	-0.0671
10.6000	-0.0553
10.6100	-0.0274
10.6200	0.0012
10.6300	0.0200
10.6400	0.0289
10.6500	0.0294
10.6600	0.0255
10.6700	0.0174
10.6800	0.0018
10.6900	-0.0192
10.7000	-0.0391
10.7100	-0.0501
10.7200	-0.0515
10.7300	-0.0433
10.7400	-0.0285
10.7500	-0.0083
10.7600	0.0183
10.7700	0.0426
10.7800	0.0542
10.7900	0.0612
10.8000	0.0759
10.8100	0.0927
10.8200	0.1056
10.8300	0.1158
10.8400	0.1225
10.8500	0.1233
10.8600	0.1144
10.8700	0.0916
10.8800	0.0653
10.8900	0.0459
10.9000	0.0353
10.9100	0.0342
10.9200	0.0464
10.9300	0.0682
10.9400	0.0905
10.9500	0.0998
10.9600	0.0887
10.9700	0.0630
10.9800	0.0287
10.9900	-0.0090
11.0000	-0.0395
11.0100	-0.0562
11.0200	-0.0596
11.0300	-0.0578
11.0400	-0.0576
11.0500	-0.0618
11.0600	-0.0731
11.0700	-0.0910
11.0800	-0.0989
11.0900	-0.0803
11.1000	-0.0504
11.1100	-0.0274
11.1200	-0.0150
11.1300	-0.0080
11.1400	-0.0048
11.1500	-0.0045
11.1600	-0.0078
11.1700	-0.0168
11.1800	-0.0246
11.1900	-0.0277
11.2000	-0.0325
11.2100	-0.0443
11.2200	-0.0570
11.2300	-0.0645
11.2400	-0.0624
11.2500	-0.0462
11.2600	-0.0166
11.2700	0.0182
11.2800	0.0490
11.2900	0.0639
11.3000	0.0607
11.3100	0.0425
11.3200	0.0109
11.3300	-0.0233
11.3400	-0.0504
11.3500	-0.0696
11.3600	-0.0861
11.3700	-0.0997
11.3800	-0.1096
11.3900	-0.1191
11.4000	-0.1281
11.4100	-0.1358
11.4200	-0.1422
11.4300	-0.1448
11.4400	-0.1409
11.4500	-0.1321
11.4600	-0.1272
11.4700	-0.1280
11.4800	-0.1313
11.4900	-0.1387
11.5000	-0.1523
11.5100	-0.1662
11.5200	-0.1687
11.5300	-0.1546
11.5400	-0.1248
11.5500	-0.0860
11.5600	-0.0422
11.5700	-0.0014
11.5800	0.0350
11.5900	0.0643
11.6000	0.0853
11.6100	0.0967
11.6200	0.0980
11.6300	0.0931
11.6400	0.0779
11.6500	0.0551
11.6600	0.0280
11.6700	-0.0009
11.6800	-0.0221
11.6900	-0.0316
11.7000	-0.0342
11.7100	-0.0385
11.7200	-0.0474
11.7300	-0.0556
11.7400	-0.0566
11.7500	-0.0500
11.7600	-0.0449
11.7700	-0.0465
11.7800	-0.0462
11.7900	-0.0386
11.8000	-0.0263
11.8100	-0.0126
11.8200	0.0039
11.8300	0.0223
11.8400	0.0386
11.8500	0.0493
11.8600	0.0565
11.8700	0.0619
11.8800	0.0651
11.8900	0.0648
11.9000	0.0625
11.9100	0.0600
11.9200	0.0568
11.9300	0.0572
11.9400	0.0595
11.9500	0.0628
11.9600	0.0642
11.9700	0.0610
11.9800	0.0560
11.9900	0.0485
12.0000	0.0400
12.0100	0.0267
12.0200	0.0111
12.0300	-0.0007
12.0400	-0.0056
12.0500	-0.0084
12.0600	-0.0133
12.0700	-0.0174
12.0800	-0.0086
12.0900	0.0080
12.1000	0.0261
12.1100	0.0458
12.1200	0.0673
12.1300	0.0864
12.1400	0.1015
12.1500	0.1113
12.1600	0.1191
12.1700	0.1202
12.1800	0.1125
12.1900	0.0986
12.2000	0.0763
12.2100	0.0456
12.2200	0.0155
12.2300	-0.0031
12.2400	-0.0141
12.2500	-0.0268
12.2600	-0.0339
12.2700	-0.0215
12.2800	-0.0014
12.2900	0.0106
12.3000	0.0129
12.3100	0.0158
12.3200	0.0204
12.3300	0.0236
12.3400	0.0240
12.3500	0.0213
12.3600	0.0185
12.3700	0.0170
12.3800	0.0161
12.3900	0.0155
12.4000	0.0164
12.4100	0.0192
12.4200	0.0234
12.4300	0.0300
12.4400	0.0368
12.4500	0.0411
12.4600	0.0399
12.4700	0.0331
12.4800	0.0271
12.4900	0.0250
12.5000	0.0255
12.5100	0.0224
12.5200	0.0153
12.5300	0.0071
12.5400	-0.0059
12.5500	-0.0245
12.5600	-0.0416
12.5700	-0.0485
12.5800	-0.0493
12.5900	-0.0512
12.6000	-0.0604
12.6100	-0.0728
12.6200	-0.0794
12.6300	-0.0801
12.6400	-0.0783
12.6500	-0.0661
12.6600	-0.0372
12.6700	-0.0025
12.6800	0.0242
12.6900	0.0401
12.7000	0.0412
12.7100	0.0300
12.7200	0.0198
12.7300	0.0172
12.7400	0.0218
12.7500	0.0303
12.7600	0.0419
12.7700	0.0548
12.7800	0.0616
12.7900	0.0581
12.8000	0.0473
12.8100	0.0338
12.8200	0.0257
12.8300	0.0192
12.8400	0.0069
12.8500	-0.0064
12.8600	-0.0125
12.8700	-0.0110
12.8800	-0.0132
12.8900	-0.0263
12.9000	-0.0411
12.9100	-0.0484
12.9200	-0.0500
12.9300	-0.0535
12.9400	-0.0608
12.9500	-0.0670
12.9600	-0.0716
12.9700	-0.0754
12.9800	-0.0770
12.9900	-0.0728
13.0000	-0.0596
13.0100	-0.0424
13.0200	-0.0217
13.0300	0.0011
13.0400	0.0220
13.0500	0.0305
13.0600	0.0259
13.0700	0.0185
13.0800	0.0147
13.0900	0.0132
13.1000	0.0098
13.1100	0.0022
13.1200	-0.0111
13.1300	-0.0280
13.1400	-0.0434
13.1500	-0.0532
13.1600	-0.0607
13.1700	-0.0688
13.1800	-0.0757
13.1900	-0.0762
13.2000	-0.0707
13.2100	-0.0628
13.2200	-0.0569
13.2300	-0.0531
13.2400	-0.0511
13.2500	-0.0503
13.2600	-0.0490
13.2700	-0.0458
13.2800	-0.0429
13.2900	-0.0422
13.3000	-0.0439
13.3100	-0.0457
13.3200	-0.0445
13.3300	-0.0432
13.3400	-0.0449
13.3500	-0.0495
13.3600	-0.0553
13.3700	-0.0601
13.3800	-0.0575
13.3900	-0.0433
13.4000	-0.0251
13.4100	-0.0124
13.4200	-0.0059
13.4300	-0.0007
13.4400	0.0028
13.4500	0.0023
13.4600	0.0001
13.4700	-0.0009
13.4800	0.0014
13.4900	0.0058
13.5000	0.0108
13.5100	0.0169
13.5200	0.0219
13.5300	0.0239
13.5400	0.0252
13.5500	0.0279
13.5600	0.0279
13.5700	0.0215
13.5800	0.0094
13.5900	-0.0013
13.6000	-0.0040
13.6100	0.0005
13.6200	0.0069
13.6300	0.0117
13.6400	0.0188
13.6500	0.0292
13.6600	0.0395
13.6700	0.0469
13.6800	0.0482
13.6900	0.0426
13.7000	0.0335
13.7100	0.0273
13.7200	0.0291
13.7300	0.0386
13.7400	0.0503
13.7500	0.0641
13.7600	0.0802
13.7700	0.0965
13.7800	0.1091
13.7900	0.1173
13.8000	0.1229
13.8100	0.1284
13.8200	0.1328
13.8300	0.1361
13.8400	0.1399
13.8500	0.1408
13.8600	0.1325
13.8700	0.1140
13.8800	0.0907
13.8900	0.0676
13.9000	0.0468
13.9100	0.0322
13.9200	0.0286
13.9300	0.0311
13.9400	0.0377
13.9500	0.0462
13.9600	0.0506
13.9700	0.0496
13.9800	0.0445
13.9900	0.0367
14.0000	0.0294
14.0100	0.0264
14.0200	0.0245
14.0300	0.0151
14.0400	-0.0037
14.0500	-0.0243
14.0600	-0.0387
14.0700	-0.0475
14.0800	-0.0500
14.0900	-0.0425
14.1000	-0.0253
14.1100	-0.0018
14.1200	0.0228
14.1300	0.0428
14.1400	0.0534
14.1500	0.0553
14.1600	0.0528
14.1700	0.0483
14.1800	0.0440
14.1900	0.0368
14.2000	0.0263
14.2100	0.0118
14.2200	-0.0058
14.2300	-0.0231
14.2400	-0.0391
14.2500	-0.0509
14.2600	-0.0592
14.2700	-0.0648
14.2800	-0.0691
14.2900	-0.0686
14.3000	-0.0614
14.3100	-0.0523
14.3200	-0.0458
14.3300	-0.0423
14.3400	-0.0400
14.3500	-0.0404
14.3600	-0.0457
14.3700	-0.0522
14.3800	-0.0547
14.3900	-0.0543
14.4000	-0.0500
14.4100	-0.0395
14.4200	-0.0239
14.4300	-0.0061
14.4400	0.0099
14.4500	0.0190
14.4600	0.0222
14.4700	0.0231
14.4800	0.0226
14.4900	0.0225
14.5000	0.0218
14.5100	0.0175
14.5200	0.0053
14.5300	-0.0117
14.5400	-0.0249
14.5500	-0.0274
14.5600	-0.0181
14.5700	-0.0058
14.5800	-0.0005
14.5900	-0.0029
14.6000	-0.0112
14.6100	-0.0196
14.6200	-0.0237
14.6300	-0.0207
14.6400	-0.0108
14.6500	0.0039
14.6600	0.0192
14.6700	0.0299
14.6800	0.0341
14.6900	0.0345
14.7000	0.0319
14.7100	0.0226
14.7200	0.0094
14.7300	-0.0040
14.7400	-0.0157
14.7500	-0.0251
14.7600	-0.0305
14.7700	-0.0321
14.7800	-0.0320
14.7900	-0.0283
14.8000	-0.0188
14.8100	-0.0069
14.8200	-0.0003
14.8300	-0.0029
14.8400	-0.0131
14.8500	-0.0285
14.8600	-0.0404
14.8700	-0.0433
14.8800	-0.0375
14.8900	-0.0317
14.9000	-0.0294
14.9100	-0.0240
14.9200	-0.0163
14.9300	-0.0096
14.9400	-0.0054
14.9500	-0.0020
14.9600	0.0003
14.9700	-0.0016
14.9800	-0.0051
14.9900	-0.0048
15.0000	-0.0007
15.0100	0.0012
15.0200	-0.0045
15.0300	-0.0132
15.0400	-0.0190
15.0500	-0.0205
15.0600	-0.0204
15.0700	-0.0225
15.0800	-0.0281
15.0900	-0.0380
15.1000	-0.0470
15.1100	-0.0502
15.1200	-0.0499
15.1300	-0.0447
15.1400	-0.0304
15.1500	-0.0083
15.1600	0.0138
15.1700	0.0305
15.1800	0.0411
15.1900	0.0460
15.2000	0.0469
15.2100	0.0469
15.2200	0.0469
15.2300	0.0451
15.2400	0.0421
15.2500	0.0403
15.2600	0.0403
15.2700	0.0408
15.2800	0.0429
15.2900	0.0433
15.3000	0.0391
15.3100	0.0314
15.3200	0.0261
15.3300	0.0234
15.3400	0.0209
15.3500	0.0179
15.3600	0.0171
15.3700	0.0167
15.3800	0.0140
15.3900	0.0116
15.4000	0.0129
15.4100	0.0175
15.4200	0.0230
15.4300	0.0277
15.4400	0.0313
15.4500	0.0329
15.4600	0.0320
15.4700	0.0270
15.4800	0.0174
15.4900	0.0074
15.5000	0.0010
15.5100	-0.0015
15.5200	-0.0037
15.5300	-0.0073
15.5400	-0.0106
15.5500	-0.0128
15.5600	-0.0144
15.5700	-0.0145
15.5800	-0.0109
15.5900	-0.0058
15.6000	-0.0013
15.6100	0.0036
15.6200	0.0091
15.6300	0.0113
15.6400	0.0085
15.6500	0.0058
15.6600	0.0070
15.6700	0.0066
15.6800	0.0040
15.6900	0.0054
15.7000	0.0114
15.7100	0.0137
15.7200	0.0068
15.7300	-0.0039
15.7400	-0.0115
15.7500	-0.0131
15.7600	-0.0123
15.7700	-0.0112
15.7800	-0.0071
15.7900	0.0017
15.8000	0.0130
15.8100	0.0216
15.8200	0.0260
15.8300	0.0300
15.8400	0.0347
15.8500	0.0387
15.8600	0.0391
15.8700	0.0341
15.8800	0.0266
15.8900	0.0211
15.9000	0.0154
15.9100	0.0062
15.9200	-0.0033
15.9300	-0.0035
15.9400	0.0013
15.9500	0.0035
15.9600	0.0051
15.9700	0.0116
15.9800	0.0197
15.9900	0.0233
16.0000	0.0242
16.0100	0.0256
16.0200	0.0256
16.0300	0.0234
16.0400	0.0205
16.0500	0.0151
16.0600	0.0048
16.0700	-0.0058
16.0800	-0.0118
16.0900	-0.0136
16.1000	-0.0142
16.1100	-0.0160
16.1200	-0.0187
16.1300	-0.0207
16.1400	-0.0222
16.1500	-0.0252
16.1600	-0.0288
16.1700	-0.0319
16.1800	-0.0348
16.1900	-0.0384
16.2000	-0.0437
16.2100	-0.0481
16.2200	-0.0494
16.2300	-0.0464
16.2400	-0.0409
16.2500	-0.0361
16.2600	-0.0347
16.2700	-0.0371
16.2800	-0.0411
16.2900	-0.0462
16.3000	-0.0530
16.3100	-0.0584
16.3200	-0.0599
16.3300	-0.0580
16.3400	-0.0563
16.3500	-0.0538
16.3600	-0.0456
16.3700	-0.0340
16.3800	-0.0233
16.3900	-0.0167
16.4000	-0.0135
16.4100	-0.0124
16.4200	-0.0135
16.4300	-0.0171
16.4400	-0.0219
16.4500	-0.0271
16.4600	-0.0322
16.4700	-0.0386
16.4800	-0.0467
16.4900	-0.0556
16.5000	-0.0605
16.5100	-0.0585
16.5200	-0.0535
16.5300	-0.0504
16.5400	-0.0492
16.5500	-0.0430
16.5600	-0.0315
16.5700	-0.0208
16.5800	-0.0111
16.5900	-0.0029
16.6000	-0.0000
16.6100	-0.0012
16.6200	-0.0009
16.6300	0.0031
16.6400	0.0068
16.6500	0.0078
16.6600	0.0074
16.6700	0.0065
16.6800	0.0069
16.6900	0.0123
16.7000	0.0240
16.7100	0.0382
16.7200	0.0502
16.7300	0.0571
16.7400	0.0577
16.7500	0.0523
16.7600	0.0444
16.7700	0.0346
16.7800	0.0253
16.7900	0.0171
16.8000	0.0130
16.8100	0.0144
16.8200	0.0211
16.8300	0.0291
16.8400	0.0334
16.8500	0.0370
16.8600	0.0424
16.8700	0.0470
16.8800	0.0497
16.8900	0.0511
16.9000	0.0515
16.9100	0.0506
16.9200	0.0498
16.9300	0.0477
16.9400	0.0421
16.9500	0.0355
16.9600	0.0295
16.9700	0.0269
16.9800	0.0281
16.9900	0.0340
17.0000	0.0432
17.0100	0.0500
17.0200	0.0514
17.0300	0.0491
17.0400	0.0468
17.0500	0.0420
17.0600	0.0327
17.0700	0.0216
17.0800	0.0100
17.0900	0.0013
17.1000	-0.0040
17.1100	-0.0079
17.1200	-0.0094
17.1300	-0.0053
17.1400	0.0040
17.1500	0.0133
17.1600	0.0196
17.1700	0.0245
17.1800	0.0254
17.1900	0.0187
17.2000	0.0088
17.2100	0.0017
17.2200	-0.0012
17.2300	-0.0022
17.2400	-0.0019
17.2500	0.0006
17.2600	0.0039
17.2700	0.0062
17.2800	0.0059
17.2900	0.0026
17.3000	0.0005
17.3100	0.0003
17.3200	0.0005
17.3300	-0.0001
17.3400	0.0005
17.3500	-0.0001
17.3600	-0.0061
17.3700	-0.0152
17.3800	-0.0209
17.3900	-0.0204
17.4000	-0.0166
17.4100	-0.0105
17.4200	-0.0026
17.4300	0.0018
17.4400	-0.0023
17.4500	-0.0120
17.4600	-0.0205
17.4700	-0.0261
17.4800	-0.0292
17.4900	-0.0303
17.5000	-0.0305
17.5100	-0.0302
17.5200	-0.0301
17.5300	-0.0302
17.5400	-0.0304
17.5500	-0.0303
17.5600	-0.0309
17.5700	-0.0308
17.5800	-0.0302
17.5900	-0.0314
17.6000	-0.0347
17.6100	-0.0389
17.6200	-0.0422
17.6300	-0.0440
17.6400	-0.0438
17.6500	-0.0446
17.6600	-0.0487
17.6700	-0.0560
17.6800	-0.0634
17.6900	-0.0688
17.7000	-0.0702
17.7100	-0.0673
17.7200	-0.0600
17.7300	-0.0490
17.7400	-0.0383
17.7500	-0.0298
17.7600	-0.0240
17.7700	-0.0197
17.7800	-0.0170
17.7900	-0.0150
17.8000	-0.0134
17.8100	-0.0127
17.8200	-0.0119
17.8300	-0.0099
17.8400	-0.0071
17.8500	-0.0037
17.8600	0.0039
17.8700	0.0150
17.8800	0.0256
17.8900	0.0299
17.9000	0.0268
17.9100	0.0187
17.9200	0.0102
17.9300	0.0039
17.9400	-0.0004
17.9500	-0.0026
17.9600	-0.0033
17.9700	-0.0009
17.9800	0.0084
17.9900	0.0239
18.0000	0.0387
18.0100	0.0481
18.0200	0.0525
18.0300	0.0556
18.0400	0.0560
18.0500	0.0528
18.0600	0.0481
18.0700	0.0455
18.0800	0.0459
18.0900	0.0471
18.1000	0.0463
18.1100	0.0429
18.1200	0.0389
18.1300	0.0347
18.1400	0.0296
18.1500	0.0257
18.1600	0.0226
18.1700	0.0182
18.1800	0.0139
18.1900	0.0124
18.2000	0.0139
18.2100	0.0160
18.2200	0.0179
18.2300	0.0186
18.2400	0.0157
18.2500	0.0080
18.2600	-0.0013
18.2700	-0.0097
18.2800	-0.0149
18.2900	-0.0173
18.3000	-0.0190
18.3100	-0.0210
18.3200	-0.0203
18.3300	-0.0159
18.3400	-0.0103
18.3500	-0.0039
18.3600	0.0026
18.3700	0.0063
18.3800	0.0058
18.3900	0.0021
18.4000	0.0006
18.4100	0.0041
18.4200	0.0086
18.4300	0.0076
18.4400	-0.0002
18.4500	-0.0115
18.4600	-0.0237
18.4700	-0.0341
18.4800	-0.0399
18.4900	-0.0405
18.5000	-0.0371
18.5100	-0.0289
18.5200	-0.0178
18.5300	-0.0100
18.5400	-0.0071
18.5500	-0.0061
18.5600	-0.0044
18.5700	-0.0058
18.5800	-0.0107
18.5900	-0.0160
18.6000	-0.0188
18.6100	-0.0170
18.6200	-0.0111
18.6300	-0.0027
18.6400	0.0041
18.6500	0.0093
18.6600	0.0147
18.6700	0.0192
18.6800	0.0219
18.6900	0.0227
18.7000	0.0230
18.7100	0.0239
18.7200	0.0242
18.7300	0.0236
18.7400	0.0211
18.7500	0.0145
18.7600	0.0055
18.7700	-0.0028
18.7800	-0.0086
18.7900	-0.0136
18.8000	-0.0190
18.8100	-0.0226
18.8200	-0.0211
18.8300	-0.0146
18.8400	-0.0082
18.8500	-0.0061
18.8600	-0.0067
18.8700	-0.0095
18.8800	-0.0133
18.8900	-0.0174
18.9000	-0.0206
18.9100	-0.0230
18.9200	-0.0243
18.9300	-0.0244
18.9400	-0.0238
18.9500	-0.0213
18.9600	-0.0163
18.9700	-0.0103
18.9800	-0.0062
18.9900	-0.0024
19.0000	0.0028
19.0100	0.0064
19.0200	0.0053
19.0300	0.0006
19.0400	-0.0032
19.0500	-0.0035
19.0600	0.0001
19.0700	0.0071
19.0800	0.0156
19.0900	0.0221
19.1000	0.0249
19.1100	0.0272
19.1200	0.0318
19.1300	0.0369
19.1400	0.0384
19.1500	0.0346
19.1600	0.0278
19.1700	0.0213
19.1800	0.0175
19.1900	0.0177
19.2000	0.0200
19.2100	0.0227
19.2200	0.0254
19.2300	0.0273
19.2400	0.0258
19.2500	0.0207
19.2600	0.0148
19.2700	0.0114
19.2800	0.0114
19.2900	0.0109
19.3000	0.0079
19.3100	0.0055
19.3200	0.0053
19.3300	0.0062
19.3400	0.0070
19.3500	0.0084
19.3600	0.0086
19.3700	0.0063
19.3800	0.0030
19.3900	0.0001
19.4000	-0.0036
19.4100	-0.0080
19.4200	-0.0129
19.4300	-0.0164
19.4400	-0.0173
19.4500	-0.0139
19.4600	-0.0062
19.4700	0.0026
19.4800	0.0075
19.4900	0.0061
19.5000	0.0001
19.5100	-0.0098
19.5200	-0.0215
19.5300	-0.0314
19.5400	-0.0369
19.5500	-0.0381
19.5600	-0.0381
19.5700	-0.0393
19.5800	-0.0406
19.5900	-0.0405
19.6000	-0.0377
19.6100	-0.0305
19.6200	-0.0213
19.6300	-0.0134
19.6400	-0.0101
19.6500	-0.0109
19.6600	-0.0128
19.6700	-0.0157
19.6800	-0.0184
19.6900	-0.0220
19.7000	-0.0245
19.7100	-0.0259
19.7200	-0.0278
19.7300	-0.0303
19.7400	-0.0324
19.7500	-0.0337
19.7600	-0.0337
19.7700	-0.0334
19.7800	-0.0332
19.7900	-0.0340
19.8000	-0.0342
19.8100	-0.0314
19.8200	-0.0239
19.8300	-0.0129
19.8400	-0.0023
19.8500	0.0055
19.8600	0.0082
19.8700	0.0059
19.8800	0.0009
19.8900	-0.0042
19.9000	-0.0103
19.9100	-0.0154
19.9200	-0.0175
19.9300	-0.0176
19.9400	-0.0158
19.9500	-0.0123
19.9600	-0.0073
19.9700	-0.0009
19.9800	0.0054
19.9900	0.0101
20.0000	0.0134
20.0100	0.0169
20.0200	0.0226
20.0300	0.0297
20.0400	0.0357
20.0500	0.0375
20.0600	0.0351
20.0700	0.0301
20.0800	0.0244
20.0900	0.0199
20.1000	0.0176
20.1100	0.0164
20.1200	0.0153
20.1300	0.0141
20.1400	0.0135
20.1500	0.0129
20.1600	0.0116
20.1700	0.0092
20.1800	0.0075
20.1900	0.0071
20.2000	0.0072
20.2100	0.0067
20.2200	0.0059
20.2300	0.0025
20.2400	-0.0034
20.2500	-0.0092
20.2600	-0.0138
20.2700	-0.0172
20.2800	-0.0186
20.2900	-0.0156
20.3000	-0.0087
20.3100	-0.0016
20.3200	0.0040
20.3300	0.0077
20.3400	0.0086
20.3500	0.0049
20.3600	-0.0010
20.3700	-0.0047
20.3800	-0.0063
20.3900	-0.0083
20.4000	-0.0099
20.4100	-0.0071
20.4200	0.0004
20.4300	0.0069
20.4400	0.0105
20.4500	0.0152
20.4600	0.0224
20.4700	0.0298
20.4800	0.0353
20.4900	0.0361
20.5000	0.0326
20.5100	0.0256
20.5200	0.0185
20.5300	0.0146
20.5400	0.0136
20.5500	0.0143
20.5600	0.0156
20.5700	0.0168
20.5800	0.0173
20.5900	0.0191
20.6000	0.0231
20.6100	0.0264
20.6200	0.0275
20.6300	0.0282
20.6400	0.0287
20.6500	0.0278
20.6600	0.0260
20.6700	0.0261
20.6800	0.0297
20.6900	0.0364
20.7000	0.0414
20.7100	0.0421
20.7200	0.0392
20.7300	0.0343
20.7400	0.0284
20.7500	0.0232
20.7600	0.0189
20.7700	0.0157
20.7800	0.0142
20.7900	0.0136
20.8000	0.0131
20.8100	0.0119
20.8200	0.0111
20.8300	0.0112
20.8400	0.0117
20.8500	0.0124
20.8600	0.0119
20.8700	0.0087
20.8800	0.0042
20.8900	0.0006
20.9000	-0.0026
20.9100	-0.0083
20.9200	-0.0167
20.9300	-0.0259
20.9400	-0.0350
20.9500	-0.0438
20.9600	-0.0505
20.9700	-0.0541
20.9800	-0.0540
20.9900	-0.0491
21.0000	-0.0403
21.0100	-0.0307
21.0200	-0.0226
21.0300	-0.0163
21.0400	-0.0118
21.0500	-0.0113
21.0600	-0.0141
21.0700	-0.0181
21.0800	-0.0214
21.0900	-0.0237
21.1000	-0.0249
21.1100	-0.0258
21.1200	-0.0279
21.1300	-0.0313
21.1400	-0.0331
21.1500	-0.0288
21.1600	-0.0196
21.1700	-0.0103
21.1800	-0.0022
21.1900	0.0057
21.2000	0.0129
21.2100	0.0190
21.2200	0.0230
21.2300	0.0256
21.2400	0.0286
21.2500	0.0298
21.2600	0.0263
21.2700	0.0173
21.2800	0.0053
21.2900	-0.0059
21.3000	-0.0139
21.3100	-0.0181
21.3200	-0.0201
21.3300	-0.0198
21.3400	-0.0163
21.3500	-0.0099
21.3600	-0.0045
21.3700	-0.0022
21.3800	-0.0023
21.3900	-0.0034
21.4000	-0.0029
21.4100	-0.0013
21.4200	0.0004
21.4300	0.0013
21.4400	0.0029
21.4500	0.0054
21.4600	0.0074
21.4700	0.0086
21.4800	0.0083
21.4900	0.0067
21.5000	0.0043
21.5100	0.0008
21.5200	-0.0043
21.5300	-0.0107
21.5400	-0.0164
21.5500	-0.0205
21.5600	-0.0239
21.5700	-0.0280
21.5800	-0.0320
21.5900	-0.0347
21.6000	-0.0343
21.6100	-0.0308
21.6200	-0.0256
21.6300	-0.0187
21.6400	-0.0101
21.6500	-0.0019
21.6600	0.0013
21.6700	-0.0020
21.6800	-0.0099
21.6900	-0.0191
21.7000	-0.0264
21.7100	-0.0306
21.7200	-0.0316
21.7300	-0.0312
21.7400	-0.0301
21.7500	-0.0274
21.7600	-0.0232
21.7700	-0.0200
21.7800	-0.0166
21.7900	-0.0117
21.8000	-0.0054
21.8100	0.0019
21.8200	0.0090
21.8300	0.0152
21.8400	0.0198
21.8500	0.0226
21.8600	0.0225
21.8700	0.0197
21.8800	0.0154
21.8900	0.0110
21.9000	0.0074
21.9100	0.0041
21.9200	0.0006
21.9300	-0.0025
21.9400	-0.0038
21.9500	-0.0020
21.9600	0.0013
21.9700	0.0049
21.9800	0.0084
21.9900	0.0112
22.0000	0.0124
22.0100	0.0106
22.0200	0.0072
22.0300	0.0035
22.0400	-0.0003
22.0500	-0.0045
22.0600	-0.0076
22.0700	-0.0079
22.0800	-0.0055
22.0900	-0.0014
22.1000	0.0027
22.1100	0.0054
22.1200	0.0068
22.1300	0.0089
22.1400	0.0116
22.1500	0.0125
22.1600	0.0118
22.1700	0.0111
22.1800	0.0118
22.1900	0.0135
22.2000	0.0138
22.2100	0.0122
22.2200	0.0105
22.2300	0.0116
22.2400	0.0151
22.2500	0.0198
22.2600	0.0232
22.2700	0.0251
22.2800	0.0260
22.2900	0.0259
22.3000	0.0249
22.3100	0.0225
22.3200	0.0187
22.3300	0.0143
22.3400	0.0103
22.3500	0.0072
22.3600	0.0043
22.3700	0.0016
22.3800	0.0000
22.3900	-0.0004
22.4000	0.0008
22.4100	0.0030
22.4200	0.0051
22.4300	0.0073
22.4400	0.0095
22.4500	0.0105
22.4600	0.0111
22.4700	0.0129
22.4800	0.0145
22.4900	0.0152
22.5000	0.0164
22.5100	0.0185
22.5200	0.0205
22.5300	0.0215
22.5400	0.0226
22.5500	0.0241
22.5600	0.0248
22.5700	0.0216
22.5800	0.0145
22.5900	0.0065
22.6000	0.0007
22.6100	-0.0020
22.6200	-0.0033
22.6300	-0.0045
22.6400	-0.0053
22.6500	-0.0064
22.6600	-0.0064
22.6700	-0.0043
22.6800	-0.0011
22.6900	0.0019
22.7000	0.0031
22.7100	0.0009
22.7200	-0.0045
22.7300	-0.0095
22.7400	-0.0139
22.7500	-0.0177
22.7600	-0.0214
22.7700	-0.0256
22.7800	-0.0282
22.7900	-0.0291
22.8000	-0.0292
22.8100	-0.0286
22.8200	-0.0255
22.8300	-0.0195
22.8400	-0.0126
22.8500	-0.0066
22.8600	-0.0026
22.8700	-0.0003
22.8800	0.0012
22.8900	0.0011
22.9000	-0.0032
22.9100	-0.0105
22.9200	-0.0183
22.9300	-0.0240
22.9400	-0.0261
22.9500	-0.0237
22.9600	-0.0187
22.9700	-0.0137
22.9800	-0.0103
22.9900	-0.0076
23.0000	-0.0045
23.0100	-0.0010
23.0200	0.0002
23.0300	-0.0021
23.0400	-0.0071
23.0500	-0.0135
23.0600	-0.0201
23.0700	-0.0253
23.0800	-0.0285
23.0900	-0.0282
23.1000	-0.0250
23.1100	-0.0199
23.1200	-0.0131
23.1300	-0.0046
23.1400	0.0039
23.1500	0.0105
23.1600	0.0150
23.1700	0.0172
23.1800	0.0177
23.1900	0.0162
23.2000	0.0120
23.2100	0.0067
23.2200	0.0015
23.2300	-0.0027
23.2400	-0.0047
23.2500	-0.0051
23.2600	-0.0044
23.2700	-0.0020
23.2800	0.0020
23.2900	0.0059
23.3000	0.0083
23.3100	0.0097
23.3200	0.0112
23.3300	0.0137
23.3400	0.0164
23.3500	0.0178
23.3600	0.0165
23.3700	0.0143
23.3800	0.0135
23.3900	0.0154
23.4000	0.0186
23.4100	0.0224
23.4200	0.0269
23.4300	0.0321
23.4400	0.0372
23.4500	0.0384
23.4600	0.0345
23.4700	0.0261
23.4800	0.0154
23.4900	0.0044
23.5000	-0.0052
23.5100	-0.0122
23.5200	-0.0167
23.5300	-0.0194
23.5400	-0.0200
23.5500	-0.0177
23.5600	-0.0135
23.5700	-0.0089
23.5800	-0.0057
23.5900	-0.0028
23.6000	-0.0003
23.6100	0.0017
23.6200	0.0034
23.6300	0.0049
23.6400	0.0062
23.6500	0.0082
23.6600	0.0095
23.6700	0.0098
23.6800	0.0090
23.6900	0.0082
23.7000	0.0083
23.7100	0.0086
23.7200	0.0101
23.7300	0.0129
23.7400	0.0157
23.7500	0.0164
23.7600	0.0138
23.7700	0.0093
23.7800	0.0038
23.7900	-0.0005
23.8000	-0.0013
23.8100	0.0010
23.8200	0.0040
23.8300	0.0063
23.8400	0.0071
23.8500	0.0065
23.8600	0.0060
23.8700	0.0059
23.8800	0.0051
23.8900	0.0035
23.9000	0.0023
23.9100	0.0017
23.9200	0.0006
23.9300	-0.0008
23.9400	-0.0019
23.9500	-0.0023
23.9600	-0.0020
23.9700	-0.0012
23.9800	-0.0006
23.9900	-0.0001
24.0000	0.0014
24.0100	0.0044
24.0200	0.0072
24.0300	0.0082
24.0400	0.0071
24.0500	0.0045
24.0600	0.0007
24.0700	-0.0040
24.0800	-0.0080
24.0900	-0.0113
24.1000	-0.0138
24.1100	-0.0159
24.1200	-0.0175
24.1300	-0.0165
24.1400	-0.0111
24.1500	-0.0033
24.1600	0.0043
24.1700	0.0106
24.1800	0.0143
24.1900	0.0156
24.2000	0.0153
24.2100	0.0138
24.2200	0.0116
24.2300	0.0085
24.2400	0.0054
24.2500	0.0026
24.2600	0.0008
24.2700	-0.0004
24.2800	-0.0011
24.2900	-0.0006
24.3000	0.0002
24.3100	-0.0002
24.3200	-0.0015
24.3300	-0.0025
24.3400	-0.0031
24.3500	-0.0036
24.3600	-0.0038
24.3700	-0.0039
24.3800	-0.0049
24.3900	-0.0066
24.4000	-0.0077
24.4100	-0.0079
24.4200	-0.0074
24.4300	-0.0062
24.4400	-0.0043
24.4500	-0.0008
24.4600	0.0035
24.4700	0.0077
24.4800	0.0109
24.4900	0.0129
24.5000	0.0126
24.5100	0.0106
24.5200	0.0068
24.5300	0.0026
24.5400	-0.0014
24.5500	-0.0052
24.5600	-0.0086
24.5700	-0.0105
24.5800	-0.0107
24.5900	-0.0106
24.6000	-0.0107
24.6100	-0.0105
24.6200	-0.0105
24.6300	-0.0103
24.6400	-0.0091
24.6500	-0.0074
24.6600	-0.0058
24.6700	-0.0022
24.6800	0.0033
24.6900	0.0084
24.7000	0.0101
24.7100	0.0068
24.7200	0.0008
24.7300	-0.0050
24.7400	-0.0101
24.7500	-0.0152
24.7600	-0.0208
24.7700	-0.0253
24.7800	-0.0267
24.7900	-0.0252
24.8000	-0.0225
24.8100	-0.0179
24.8200	-0.0120
24.8300	-0.0049
24.8400	0.0016
24.8500	0.0052
24.8600	0.0060
24.8700	0.0042
24.8800	0.0006
24.8900	-0.0041
24.9000	-0.0085
24.9100	-0.0118
24.9200	-0.0131
24.9300	-0.0125
24.9400	-0.0101
24.9500	-0.0061
24.9600	-0.0021
24.9700	0.0008
24.9800	0.0024
24.9900	0.0032
25.0000	0.0034
25.0100	0.0014
25.0200	-0.0024
25.0300	-0.0063
25.0400	-0.0094
25.0500	-0.0117
25.0600	-0.0136
25.0700	-0.0152
25.0800	-0.0161
25.0900	-0.0159
25.1000	-0.0138
25.1100	-0.0091
25.1200	-0.0027
25.1300	0.0031
25.1400	0.0078
25.1500	0.0110
25.1600	0.0116
25.1700	0.0101
25.1800	0.0078
25.1900	0.0059
25.2000	0.0049
25.2100	0.0050
25.2200	0.0065
25.2300	0.0086
25.2400	0.0097
25.2500	0.0094
25.2600	0.0087
25.2700	0.0085
25.2800	0.0083
25.2900	0.0066
25.3000	0.0031
25.3100	-0.0006
25.3200	-0.0040
25.3300	-0.0063
25.3400	-0.0069
25.3500	-0.0049
25.3600	-0.0010
25.3700	0.0028
25.3800	0.0055
25.3900	0.0071
25.4000	0.0090
25.4100	0.0115
25.4200	0.0136
25.4300	0.0148
25.4400	0.0160
25.4500	0.0168
25.4600	0.0180
25.4700	0.0197
25.4800	0.0208
25.4900	0.0218
25.5000	0.0225
25.5100	0.0225
25.5200	0.0208
25.5300	0.0178
25.5400	0.0139
25.5500	0.0090
25.5600	0.0039
25.5700	-0.0011
25.5800	-0.0056
25.5900	-0.0088
25.6000	-0.0108
25.6100	-0.0108
25.6200	-0.0101
25.6300	-0.0091
25.6400	-0.0087
25.6500	-0.0093
25.6600	-0.0115
25.6700	-0.0144
25.6800	-0.0174
25.6900	-0.0199
25.7000	-0.0219
25.7100	-0.0221
25.7200	-0.0203
25.7300	-0.0171
25.7400	-0.0147
25.7500	-0.0144
25.7600	-0.0150
25.7700	-0.0154
25.7800	-0.0153
25.7900	-0.0140
25.8000	-0.0123
25.8100	-0.0109
25.8200	-0.0113
25.8300	-0.0125
25.8400	-0.0130
25.8500	-0.0127
25.8600	-0.0116
25.8700	-0.0099
25.8800	-0.0079
25.8900	-0.0067
25.9000	-0.0069
25.9100	-0.0072
25.9200	-0.0076
25.9300	-0.0080
25.9400	-0.0082
25.9500	-0.0083
25.9600	-0.0088
25.9700	-0.0091
25.9800	-0.0084
25.9900	-0.0056
26.0000	-0.0030
26.0100	-0.0027
26.0200	-0.0035
26.0300	-0.0046
26.0400	-0.0050
26.0500	-0.0044
26.0600	-0.0024
26.0700	0.0010
26.0800	0.0055
26.0900	0.0108
26.1000	0.0170
26.1100	0.0221
26.1200	0.0260
26.1300	0.0285
26.1400	0.0290
26.1500	0.0263
26.1600	0.0207
26.1700	0.0145
26.1800	0.0099
26.1900	0.0083
26.2000	0.0098
26.2100	0.0126
26.2200	0.0154
26.2300	0.0173
26.2400	0.0188
26.2500	0.0194
26.2600	0.0188
26.2700	0.0160
26.2800	0.0128
26.2900	0.0098
26.3000	0.0073
26.3100	0.0048
26.3200	0.0028
26.3300	0.0018
26.3400	0.0018
26.3500	0.0031
26.3600	0.0058
26.3700	0.0091
26.3800	0.0117
26.3900	0.0128
26.4000	0.0130
26.4100	0.0134
26.4200	0.0140
26.4300	0.0147
26.4400	0.0160
26.4500	0.0180
26.4600	0.0204
26.4700	0.0217
26.4800	0.0219
26.4900	0.0206
26.5000	0.0189
26.5100	0.0177
26.5200	0.0154
26.5300	0.0127
26.5400	0.0097
26.5500	0.0071
26.5600	0.0055
26.5700	0.0048
26.5800	0.0053
26.5900	0.0053
26.6000	0.0047
26.6100	0.0045
26.6200	0.0041
26.6300	0.0026
26.6400	-0.0007
26.6500	-0.0041
26.6600	-0.0070
26.6700	-0.0097
26.6800	-0.0122
26.6900	-0.0140
26.7000	-0.0145
26.7100	-0.0139
26.7200	-0.0124
26.7300	-0.0100
26.7400	-0.0073
26.7500	-0.0050
26.7600	-0.0041
26.7700	-0.0031
26.7800	-0.0028
26.7900	-0.0037
26.8000	-0.0054
26.8100	-0.0066
26.8200	-0.0067
26.8300	-0.0070
26.8400	-0.0079
26.8500	-0.0089
26.8600	-0.0090
26.8700	-0.0084
26.8800	-0.0077
26.8900	-0.0072
26.9000	-0.0076
26.9100	-0.0080
26.9200	-0.0085
26.9300	-0.0104
26.9400	-0.0135
26.9500	-0.0168
26.9600	-0.0184
26.9700	-0.0171
26.9800	-0.0136
26.9900	-0.0090
27.0000	-0.0053
27.0100	-0.0032
27.0200	-0.0033
27.0300	-0.0049
27.0400	-0.0073
27.0500	-0.0091
27.0600	-0.0102
27.0700	-0.0114
27.0800	-0.0138
27.0900	-0.0166
27.1000	-0.0190
27.1100	-0.0211
27.1200	-0.0206
27.1300	-0.0170
27.1400	-0.0118
27.1500	-0.0073
27.1600	-0.0048
27.1700	-0.0033
27.1800	-0.0029
27.1900	-0.0040
27.2000	-0.0060
27.2100	-0.0079
27.2200	-0.0085
27.2300	-0.0071
27.2400	-0.0040
27.2500	-0.0010
27.2600	0.0010
27.2700	0.0014
27.2800	0.0002
27.2900	-0.0010
27.3000	-0.0025
27.3100	-0.0039
27.3200	-0.0047
27.3300	-0.0037
27.3400	-0.0003
27.3500	0.0030
27.3600	0.0046
27.3700	0.0044
27.3800	0.0035
27.3900	0.0019
27.4000	-0.0014
27.4100	-0.0059
27.4200	-0.0105
27.4300	-0.0131
27.4400	-0.0146
27.4500	-0.0158
27.4600	-0.0174
27.4700	-0.0176
27.4800	-0.0158
27.4900	-0.0129
27.5000	-0.0102
27.5100	-0.0079
27.5200	-0.0056
27.5300	-0.0038
27.5400	-0.0022
27.5500	-0.0006
27.5600	-0.0001
27.5700	-0.0002
27.5800	-0.0004
27.5900	-0.0007
27.6000	-0.0001
27.6100	0.0010
27.6200	0.0031
27.6300	0.0058
27.6400	0.0090
27.6500	0.0128
27.6600	0.0165
27.6700	0.0187
27.6800	0.0187
27.6900	0.0162
27.7000	0.0129
27.7100	0.0104
27.7200	0.0095
27.7300	0.0097
27.7400	0.0104
27.7500	0.0115
27.7600	0.0132
27.7700	0.0150
27.7800	0.0168
27.7900	0.0191
27.8000	0.0210
27.8100	0.0220
27.8200	0.0224
27.8300	0.0208
27.8400	0.0173
27.8500	0.0120
27.8600	0.0066
27.8700	0.0026
27.8800	0.0016
27.8900	0.0031
27.9000	0.0051
27.9100	0.0068
27.9200	0.0084
27.9300	0.0102
27.9400	0.0119
27.9500	0.0140
27.9600	0.0164
27.9700	0.0187
27.9800	0.0194
27.9900	0.0185
28.0000	0.0174
28.0100	0.0164
28.0200	0.0158
28.0300	0.0148
28.0400	0.0138
28.0500	0.0127
28.0600	0.0112
28.0700	0.0104
28.0800	0.0105
28.0900	0.0115
28.1000	0.0131
28.1100	0.0155
28.1200	0.0173
28.1300	0.0168
28.1400	0.0139
28.1500	0.0099
28.1600	0.0046
28.1700	-0.0011
28.1800	-0.0063
28.1900	-0.0105
28.2000	-0.0135
28.2100	-0.0156
28.2200	-0.0165
28.2300	-0.0155
28.2400	-0.0122
28.2500	-0.0073
28.2600	-0.0018
28.2700	0.0027
28.2800	0.0053
28.2900	0.0061
28.3000	0.0050
28.3100	0.0037
28.3200	0.0025
28.3300	0.0010
28.3400	0.0000
28.3500	-0.0006
28.3600	-0.0011
28.3700	-0.0012
28.3800	-0.0010
28.3900	-0.0012
28.4000	-0.0023
28.4100	-0.0036
28.4200	-0.0065
28.4300	-0.0097
28.4400	-0.0135
28.4500	-0.0174
28.4600	-0.0215
28.4700	-0.0247
28.4800	-0.0262
28.4900	-0.0254
28.5000	-0.0223
28.5100	-0.0186
28.5200	-0.0151
28.5300	-0.0128
28.5400	-0.0121
28.5500	-0.0133
28.5600	-0.0155
28.5700	-0.0183
28.5800	-0.0214
28.5900	-0.0238
28.6000	-0.0253
28.6100	-0.0257
28.6200	-0.0256
28.6300	-0.0248
28.6400	-0.0230
28.6500	-0.0208
28.6600	-0.0183
28.6700	-0.0153
28.6800	-0.0123
28.6900	-0.0102
28.7000	-0.0090
28.7100	-0.0079
28.7200	-0.0076
28.7300	-0.0086
28.7400	-0.0105
28.7500	-0.0125
28.7600	-0.0140
28.7700	-0.0151
28.7800	-0.0153
28.7900	-0.0142
28.8000	-0.0112
28.8100	-0.0068
28.8200	-0.0025
28.8300	0.0003
28.8400	0.0029
28.8500	0.0053
28.8600	0.0070
28.8700	0.0068
28.8800	0.0036
28.8900	-0.0013
28.9000	-0.0067
28.9100	-0.0109
28.9200	-0.0138
28.9300	-0.0145
28.9400	-0.0135
28.9500	-0.0111
28.9600	-0.0076
28.9700	-0.0045
28.9800	-0.0019
28.9900	0.0010
29.0000	0.0036
29.0100	0.0052
29.0200	0.0052
29.0300	0.0047
29.0400	0.0047
29.0500	0.0047
29.0600	0.0053
29.0700	0.0065
29.0800	0.0084
29.0900	0.0103
29.1000	0.0103
29.1100	0.0082
29.1200	0.0052
29.1300	0.0025
29.1400	0.0009
29.1500	0.0010
29.1600	0.0019
29.1700	0.0036
29.1800	0.0059
29.1900	0.0079
29.2000	0.0089
29.2100	0.0084
29.2200	0.0075
29.2300	0.0084
29.2400	0.0107
29.2500	0.0126
29.2600	0.0130
29.2700	0.0120
29.2800	0.0101
29.2900	0.0083
29.3000	0.0068
29.3100	0.0065
29.3200	0.0075
29.3300	0.0090
29.3400	0.0107
29.3500	0.0125
29.3600	0.0137
29.3700	0.0152
29.3800	0.0173
29.3900	0.0189
29.4000	0.0196
29.4100	0.0190
29.4200	0.0173
29.4300	0.0140
29.4400	0.0103
29.4500	0.0076
29.4600	0.0059
29.4700	0.0057
29.4800	0.0063
29.4900	0.0069
29.5000	0.0070
29.5100	0.0075
29.5200	0.0083
29.5300	0.0098
29.5400	0.0117
29.5500	0.0130
29.5600	0.0130
29.5700	0.0123
29.5800	0.0118
29.5900	0.0118
29.6000	0.0121
29.6100	0.0124
29.6200	0.0124
29.6300	0.0120
29.6400	0.0115
29.6500	0.0113
29.6600	0.0113
29.6700	0.0114
29.6800	0.0108
29.6900	0.0089
29.7000	0.0070
29.7100	0.0053
29.7200	0.0051
29.7300	0.0063
29.7400	0.0080
29.7500	0.0101
29.7600	0.0115
29.7700	0.0117
29.7800	0.0107
29.7900	0.0084
29.8000	0.0052
29.8100	0.0019
29.8200	-0.0006
29.8300	-0.0023
29.8400	-0.0035
29.8500	-0.0033
29.8600	-0.0008
29.8700	0.0023
29.8800	0.0044
29.8900	0.0057
29.9000	0.0057
29.9100	0.0048
29.9200	0.0028
29.9300	0.0001
29.9400	-0.0028
29.9500	-0.0049
29.9600	-0.0054
29.9700	-0.0044
29.9800	-0.0032
29.9900	-0.0022
30.0000	-0.0021
30.0100	-0.0032
30.0200	-0.0047
30.0300	-0.0065
30.0400	-0.0083
30.0500	-0.0097
30.0600	-0.0111
30.0700	-0.0128
30.0800	-0.0152
30.0900	-0.0185
30.1000	-0.0207
30.1100	-0.0208
30.1200	-0.0191
30.1300	-0.0163
30.1400	-0.0134
30.1500	-0.0119
30.1600	-0.0100
30.1700	-0.0079
30.1800	-0.0061
30.1900	-0.0039
30.2000	-0.0032
30.2100	-0.0050
30.2200	-0.0083
30.2300	-0.0111
30.2400	-0.0124
30.2500	-0.0124
30.2600	-0.0121
30.2700	-0.0119
30.2800	-0.0116
30.2900	-0.0111
30.3000	-0.0112
30.3100	-0.0118
30.3200	-0.0119
30.3300	-0.0115
30.3400	-0.0125
30.3500	-0.0147
30.3600	-0.0168
30.3700	-0.0181
30.3800	-0.0185
30.3900	-0.0187
30.4000	-0.0189
30.4100	-0.0186
30.4200	-0.0178
30.4300	-0.0156
30.4400	-0.0119
30.4500	-0.0078
30.4600	-0.0053
30.4700	-0.0047
30.4800	-0.0047
30.4900	-0.0041
30.5000	-0.0019
30.5100	0.0008
30.5200	0.0028
30.5300	0.0040
30.5400	0.0040
30.5500	0.0030
30.5600	0.0014
30.5700	-0.0001
30.5800	-0.0011
30.5900	-0.0014
30.6000	-0.0021
30.6100	-0.0027
30.6200	-0.0033
30.6300	-0.0038
30.6400	-0.0045
30.6500	-0.0046
30.6600	-0.0037
30.6700	-0.0012
30.6800	0.0019
30.6900	0.0040
30.7000	0.0052
30.7100	0.0059
30.7200	0.0062
30.7300	0.0055
30.7400	0.0030
30.7500	-0.0010
30.7600	-0.0051
30.7700	-0.0081
30.7800	-0.0090
30.7900	-0.0075
30.8000	-0.0049
30.8100	-0.0010
30.8200	0.0029
30.8300	0.0067
30.8400	0.0094
30.8500	0.0102
30.8600	0.0097
30.8700	0.0085
30.8800	0.0068
30.8900	0.0044
30.9000	0.0017
30.9100	0.0002
30.9200	0.0004
30.9300	0.0023
30.9400	0.0046
30.9500	0.0065
30.9600	0.0076
30.9700	0.0084
30.9800	0.0095
30.9900	0.0104
31.0000	0.0108
31.0100	0.0112
31.0200	0.0115
31.0300	0.0110
31.0400	0.0097
31.0500	0.0081
31.0600	0.0069
31.0700	0.0061
31.0800	0.0052
31.0900	0.0038
31.1000	0.0028
31.1100	0.0022
31.1200	0.0019
31.1300	0.0019
31.1400	0.0022
31.1500	0.0028
31.1600	0.0036
31.1700	0.0041
31.1800	0.0045
31.1900	0.0061
31.2000	0.0076
31.2100	0.0090
31.2200	0.0104
31.2300	0.0110
31.2400	0.0107
31.2500	0.0099
31.2600	0.0099
31.2700	0.0094
31.2800	0.0079
31.2900	0.0064
31.3000	0.0041
31.3100	0.0015
31.3200	-0.0012
31.3300	-0.0044
31.3400	-0.0072
31.3500	-0.0091
31.3600	-0.0091
31.3700	-0.0069
31.3800	-0.0035
31.3900	0.0006
31.4000	0.0052
31.4100	0.0089
31.4200	0.0105
31.4300	0.0102
31.4400	0.0089
31.4500	0.0069
31.4600	0.0055
31.4700	0.0051
31.4800	0.0057
31.4900	0.0068
31.5000	0.0077
31.5100	0.0085
31.5200	0.0074
31.5300	0.0053
31.5400	0.0027
31.5500	0.0002
31.5600	-0.0013
31.5700	-0.0019
31.5800	-0.0017
31.5900	-0.0021
31.6000	-0.0029
31.6100	-0.0031
31.6200	-0.0022
31.6300	-0.0013
31.6400	-0.0015
31.6500	-0.0027
31.6600	-0.0042
31.6700	-0.0060
31.6800	-0.0073
31.6900	-0.0076
31.7000	-0.0078
31.7100	-0.0085
31.7200	-0.0094
31.7300	-0.0109
31.7400	-0.0129
31.7500	-0.0138
31.7600	-0.0137
31.7700	-0.0128
31.7800	-0.0110
31.7900	-0.0079
31.8000	-0.0048
31.8100	-0.0014
31.8200	0.0024
31.8300	0.0062
31.8400	0.0081
31.8500	0.0080
31.8600	0.0064
31.8700	0.0048
31.8800	0.0034
31.8900	0.0023
31.9000	0.0021
31.9100	0.0019
31.9200	0.0019
31.9300	0.0021
31.9400	0.0024
31.9500	0.0027
31.9600	0.0027
31.9700	0.0023
31.9800	0.0012
31.9900	-0.0004
32.0000	-0.0019
32.0100	-0.0026
32.0200	-0.0032
32.0300	-0.0036
32.0400	-0.0037
32.0500	-0.0044
32.0600	-0.0059
32.0700	-0.0075
32.0800	-0.0089
32.0900	-0.0095
32.1000	-0.0091
32.1100	-0.0080
32.1200	-0.0080
32.1300	-0.0089
32.1400	-0.0101
32.1500	-0.0103
32.1600	-0.0089
32.1700	-0.0064
32.1800	-0.0035
32.1900	-0.0019
32.2000	-0.0014
32.2100	-0.0017
32.2200	-0.0022
32.2300	-0.0028
32.2400	-0.0047
32.2500	-0.0070
32.2600	-0.0095
32.2700	-0.0114
32.2800	-0.0128
32.2900	-0.0132
32.3000	-0.0144
32.3100	-0.0149
32.3200	-0.0137
32.3300	-0.0121
32.3400	-0.0100
32.3500	-0.0080
32.3600	-0.0051
32.3700	-0.0020
32.3800	0.0008
32.3900	0.0029
32.4000	0.0029
32.4100	0.0020
32.4200	0.0004
32.4300	-0.0015
32.4400	-0.0028
32.4500	-0.0042
32.4600	-0.0061
32.4700	-0.0075
32.4800	-0.0083
32.4900	-0.0072
32.5000	-0.0043
32.5100	-0.0006
32.5200	0.0033
32.5300	0.0072
32.5400	0.0103
32.5500	0.0114
32.5600	0.0109
32.5700	0.0090
32.5800	0.0069
32.5900	0.0049
32.6000	0.0041
32.6100	0.0050
32.6200	0.0070
32.6300	0.0093
32.6400	0.0118
32.6500	0.0137
32.6600	0.0150
32.6700	0.0152
32.6800	0.0143
32.6900	0.0127
32.7000	0.0113
32.7100	0.0110
32.7200	0.0108
32.7300	0.0096
32.7400	0.0080
32.7500	0.0065
32.7600	0.0051
32.7700	0.0038
32.7800	0.0027
32.7900	0.0019
32.8000	0.0016
32.8100	0.0016
32.8200	0.0016
32.8300	0.0026
32.8400	0.0040
32.8500	0.0053
32.8600	0.0067
32.8700	0.0083
32.8800	0.0091
32.8900	0.0103
32.9000	0.0109
32.9100	0.0110
32.9200	0.0105
32.9300	0.0098
32.9400	0.0096
32.9500	0.0098
32.9600	0.0097
32.9700	0.0092
32.9800	0.0082
32.9900	0.0071
33.0000	0.0059
33.0100	0.0052
33.0200	0.0051
33.0300	0.0047
33.0400	0.0041
33.0500	0.0028
33.0600	0.0006
33.0700	-0.0020
33.0800	-0.0042
33.0900	-0.0061
33.1000	-0.0071
33.1100	-0.0079
33.1200	-0.0084
33.1300	-0.0091
33.1400	-0.0096
33.1500	-0.0097
33.1600	-0.0091
33.1700	-0.0075
33.1800	-0.0050
33.1900	-0.0026
33.2000	-0.0008
33.2100	0.0002
33.2200	0.0008
33.2300	0.0011
33.2400	0.0008
33.2500	-0.0001
33.2600	-0.0008
33.2700	-0.0021
33.2800	-0.0040
33.2900	-0.0062
33.3000	-0.0076
33.3100	-0.0086
33.3200	-0.0089
33.3300	-0.0087
33.3400	-0.0074
33.3500	-0.0051
33.3600	-0.0039
33.3700	-0.0038
33.3800	-0.0045
33.3900	-0.0045
33.4000	-0.0047
33.4100	-0.0044
33.4200	-0.0038
33.4300	-0.0032
33.4400	-0.0028
33.4500	-0.0025
33.4600	-0.0020
33.4700	-0.0006
33.4800	0.0014
33.4900	0.0038
33.5000	0.0051
33.5100	0.0042
33.5200	0.0017
33.5300	-0.0020
33.5400	-0.0054
33.5500	-0.0077
33.5600	-0.0082
33.5700	-0.0070
33.5800	-0.0051
33.5900	-0.0025
33.6000	0.0000
33.6100	0.0013
33.6200	0.0004
33.6300	-0.0010
33.6400	-0.0022
33.6500	-0.0027
33.6600	-0.0031
33.6700	-0.0036
33.6800	-0.0046
33.6900	-0.0057
33.7000	-0.0068
33.7100	-0.0078
33.7200	-0.0080
33.7300	-0.0065
33.7400	-0.0043
33.7500	-0.0023
33.7600	-0.0007
33.7700	0.0002
33.7800	0.0003
33.7900	-0.0008
33.8000	-0.0025
33.8100	-0.0036
33.8200	-0.0034
33.8300	-0.0024
33.8400	-0.0013
33.8500	-0.0011
33.8600	-0.0012
33.8700	-0.0012
33.8800	-0.0022
33.8900	-0.0036
33.9000	-0.0053
33.9100	-0.0061
33.9200	-0.0059
33.9300	-0.0050
33.9400	-0.0036
33.9500	-0.0024
33.9600	-0.0020
33.9700	-0.0020
33.9800	-0.0021
33.9900	-0.0019
34.0000	-0.0010
34.0100	-0.0000
34.0200	0.0007
34.0300	0.0011
34.0400	0.0011
34.0500	0.0020
34.0600	0.0029
34.0700	0.0050
34.0800	0.0070
34.0900	0.0081
34.1000	0.0082
34.1100	0.0072
34.1200	0.0053
34.1300	0.0023
34.1400	-0.0003
34.1500	-0.0020
34.1600	-0.0029
34.1700	-0.0028
34.1800	-0.0020
34.1900	0.0002
34.2000	0.0036
34.2100	0.0078
34.2200	0.0111
34.2300	0.0130
34.2400	0.0139
34.2500	0.0143
34.2600	0.0153
34.2700	0.0172
34.2800	0.0195
34.2900	0.0213
34.3000	0.0220
34.3100	0.0222
34.3200	0.0211
34.3300	0.0192
34.3400	0.0171
34.3500	0.0150
34.3600	0.0135
34.3700	0.0127
34.3800	0.0127
34.3900	0.0131
34.4000	0.0133
34.4100	0.0134
34.4200	0.0136
34.4300	0.0138
34.4400	0.0142
34.4500	0.0134
34.4600	0.0120
34.4700	0.0106
34.4800	0.0098
34.4900	0.0097
34.5000	0.0100
34.5100	0.0102
34.5200	0.0102
34.5300	0.0100
34.5400	0.0096
34.5500	0.0090
34.5600	0.0080
34.5700	0.0070
34.5800	0.0062
34.5900	0.0051
34.6000	0.0044
34.6100	0.0036
34.6200	0.0027
34.6300	0.0019
34.6400	0.0011
34.6500	0.0003
34.6600	-0.0008
34.6700	-0.0030
34.6800	-0.0056
34.6900	-0.0074
34.7000	-0.0089
34.7100	-0.0095
34.7200	-0.0096
34.7300	-0.0100
34.7400	-0.0105
34.7500	-0.0105
34.7600	-0.0101
34.7700	-0.0096
34.7800	-0.0092
34.7900	-0.0089
34.8000	-0.0085
34.8100	-0.0081
34.8200	-0.0082
34.8300	-0.0090
34.8400	-0.0100
34.8500	-0.0115
34.8600	-0.0125
34.8700	-0.0126
34.8800	-0.0132
34.8900	-0.0135
34.9000	-0.0137
34.9100	-0.0138
34.9200	-0.0138
34.9300	-0.0140
34.9400	-0.0145
34.9500	-0.0149
34.9600	-0.0154
34.9700	-0.0149
34.9800	-0.0142
34.9900	-0.0138
35.0000	-0.0143
35.0100	-0.0151
35.0200	-0.0163
35.0300	-0.0180
35.0400	-0.0198
35.0500	-0.0224
35.0600	-0.0250
35.0700	-0.0278
35.0800	-0.0289
35.0900	-0.0285
35.1000	-0.0265
35.1100	-0.0238
35.1200	-0.0205
35.1300	-0.0173
35.1400	-0.0143
35.1500	-0.0120
35.1600	-0.0098
35.1700	-0.0083
35.1800	-0.0071
35.1900	-0.0065
35.2000	-0.0062
35.2100	-0.0061
35.2200	-0.0062
35.2300	-0.0058
35.2400	-0.0055
35.2500	-0.0052
35.2600	-0.0052
35.2700	-0.0044
35.2800	-0.0029
35.2900	-0.0012
35.3000	0.0002
35.3100	0.0010
35.3200	0.0013
35.3300	0.0015
35.3400	0.0014
35.3500	0.0018
35.3600	0.0029
35.3700	0.0037
35.3800	0.0033
35.3900	0.0027
35.4000	0.0022
35.4100	0.0024
35.4200	0.0028
35.4300	0.0038
35.4400	0.0047
35.4500	0.0049
35.4600	0.0046
35.4700	0.0042
35.4800	0.0039
35.4900	0.0044
35.5000	0.0054
35.5100	0.0067
35.5200	0.0077
35.5300	0.0091
35.5400	0.0106
35.5500	0.0121
35.5600	0.0138
35.5700	0.0155
35.5800	0.0170
35.5900	0.0177
35.6000	0.0175
35.6100	0.0169
35.6200	0.0174
35.6300	0.0177
35.6400	0.0182
35.6500	0.0188
35.6600	0.0197
35.6700	0.0195
35.6800	0.0191
35.6900	0.0186
35.7000	0.0178
35.7100	0.0170
35.7200	0.0161
35.7300	0.0153
35.7400	0.0145
35.7500	0.0130
35.7600	0.0106
35.7700	0.0086
35.7800	0.0075
35.7900	0.0076
35.8000	0.0076
35.8100	0.0076
35.8200	0.0082
35.8300	0.0090
35.8400	0.0099
35.8500	0.0107
35.8600	0.0108
35.8700	0.0108
35.8800	0.0101
35.8900	0.0097
35.9000	0.0087
35.9100	0.0079
35.9200	0.0081
35.9300	0.0086
35.9400	0.0091
35.9500	0.0094
35.9600	0.0092
35.9700	0.0093
35.9800	0.0090
35.9900	0.0088
36.0000	0.0080
36.0100	0.0068
36.0200	0.0059
36.0300	0.0046
36.0400	0.0034
36.0500	0.0019
36.0600	0.0003
36.0700	-0.0016
36.0800	-0.0030
36.0900	-0.0031
36.1000	-0.0027
36.1100	-0.0015
36.1200	-0.0002
36.1300	0.0002
36.1400	-0.0005
36.1500	-0.0021
36.1600	-0.0039
36.1700	-0.0048
36.1800	-0.0049
36.1900	-0.0056
36.2000	-0.0063
36.2100	-0.0067
36.2200	-0.0070
36.2300	-0.0081
36.2400	-0.0092
36.2500	-0.0105
36.2600	-0.0118
36.2700	-0.0130
36.2800	-0.0141
36.2900	-0.0153
36.3000	-0.0164
36.3100	-0.0171
36.3200	-0.0163
36.3300	-0.0153
36.3400	-0.0139
36.3500	-0.0127
36.3600	-0.0115
36.3700	-0.0109
36.3800	-0.0107
36.3900	-0.0112
36.4000	-0.0112
36.4100	-0.0112
36.4200	-0.0110
36.4300	-0.0106
36.4400	-0.0102
36.4500	-0.0107
36.4600	-0.0108
36.4700	-0.0099
36.4800	-0.0085
36.4900	-0.0076
36.5000	-0.0078
36.5100	-0.0087
36.5200	-0.0104
36.5300	-0.0121
36.5400	-0.0133
36.5500	-0.0126
36.5600	-0.0106
36.5700	-0.0080
36.5800	-0.0060
36.5900	-0.0054
36.6000	-0.0065
36.6100	-0.0087
36.6200	-0.0113
36.6300	-0.0130
36.6400	-0.0133
36.6500	-0.0126
36.6600	-0.0112
36.6700	-0.0095
36.6800	-0.0071
36.6900	-0.0046
36.7000	-0.0019
36.7100	-0.0004
36.7200	-0.0003
36.7300	-0.0010
36.7400	-0.0015
36.7500	-0.0015
36.7600	-0.0017
36.7700	-0.0024
36.7800	-0.0024
36.7900	-0.0017
36.8000	-0.0009
36.8100	0.0011
36.8200	0.0035
36.8300	0.0062
36.8400	0.0089
36.8500	0.0103
36.8600	0.0107
36.8700	0.0094
36.8800	0.0081
36.8900	0.0071
36.9000	0.0066
36.9100	0.0061
36.9200	0.0054
36.9300	0.0047
36.9400	0.0037
36.9500	0.0032
36.9600	0.0036
36.9700	0.0044
36.9800	0.0051
36.9900	0.0054
37.0000	0.0059
37.0100	0.0070
37.0200	0.0084
37.0300	0.0095
37.0400	0.0099
37.0500	0.0102
37.0600	0.0113
37.0700	0.0128
37.0800	0.0145
37.0900	0.0157
37.1000	0.0162
37.1100	0.0157
37.1200	0.0145
37.1300	0.0127
37.1400	0.0115
37.1500	0.0102
37.1600	0.0084
37.1700	0.0067
37.1800	0.0048
37.1900	0.0031
37.2000	0.0016
37.2100	0.0007
37.2200	0.0003
37.2300	0.0003
37.2400	0.0004
37.2500	0.0007
37.2600	0.0012
37.2700	0.0015
37.2800	0.0020
37.2900	0.0025
37.3000	0.0034
37.3100	0.0040
37.3200	0.0044
37.3300	0.0041
37.3400	0.0028
37.3500	0.0020
37.3600	0.0011
37.3700	-0.0001
37.3800	-0.0014
37.3900	-0.0025
37.4000	-0.0029
37.4100	-0.0026
37.4200	-0.0026
37.4300	-0.0030
37.4400	-0.0040
37.4500	-0.0043
37.4600	-0.0043
37.4700	-0.0041
37.4800	-0.0035
37.4900	-0.0031
37.5000	-0.0023
37.5100	-0.0014
37.5200	-0.0007
37.5300	-0.0006
37.5400	-0.0006
37.5500	-0.0007
37.5600	-0.0010
37.5700	-0.0009
37.5800	-0.0003
37.5900	0.0003
37.6000	0.0010
37.6100	0.0017
37.6200	0.0024
37.6300	0.0018
37.6400	0.0002
37.6500	-0.0016
37.6600	-0.0037
37.6700	-0.0055
37.6800	-0.0061
37.6900	-0.0057
37.7000	-0.0047
37.7100	-0.0033
37.7200	-0.0009
37.7300	0.0019
37.7400	0.0043
37.7500	0.0059
37.7600	0.0069
37.7700	0.0067
37.7800	0.0059
37.7900	0.0050
37.8000	0.0035
37.8100	0.0021
37.8200	0.0009
37.8300	0.0003
37.8400	0.0003
37.8500	0.0007
37.8600	0.0007
37.8700	0.0006
37.8800	0.0007
37.8900	0.0012
37.9000	0.0014
37.9100	0.0012
37.9200	0.0004
37.9300	-0.0005
37.9400	-0.0020
37.9500	-0.0040
37.9600	-0.0055
37.9700	-0.0057
37.9800	-0.0049
37.9900	-0.0036
38.0000	-0.0022
38.0100	-0.0015
38.0200	-0.0015
38.0300	-0.0023
38.0400	-0.0035
38.0500	-0.0043
38.0600	-0.0048
38.0700	-0.0049
38.0800	-0.0048
38.0900	-0.0044
38.1000	-0.0034
38.1100	-0.0027
38.1200	-0.0021
38.1300	-0.0019
38.1400	-0.0018
38.1500	-0.0023
38.1600	-0.0033
38.1700	-0.0039
38.1800	-0.0045
38.1900	-0.0047
38.2000	-0.0042
38.2100	-0.0031
38.2200	-0.0017
38.2300	-0.0003
38.2400	0.0012
38.2500	0.0029
38.2600	0.0043
38.2700	0.0051
38.2800	0.0052
38.2900	0.0047
38.3000	0.0039
38.3100	0.0030
38.3200	0.0022
38.3300	0.0014
38.3400	0.0009
38.3500	0.0005
38.3600	0.0001
38.3700	-0.0004
38.3800	-0.0013
38.3900	-0.0019
38.4000	-0.0021
38.4100	-0.0022
38.4200	-0.0027
38.4300	-0.0029
38.4400	-0.0030
38.4500	-0.0029
38.4600	-0.0026
38.4700	-0.0021
38.4800	-0.0013
38.4900	-0.0007
38.5000	-0.0005
38.5100	-0.0012
38.5200	-0.0022
38.5300	-0.0033
38.5400	-0.0044
38.5500	-0.0051
38.5600	-0.0059
38.5700	-0.0064
38.5800	-0.0061
38.5900	-0.0050
38.6000	-0.0036
38.6100	-0.0026
38.6200	-0.0017
38.6300	-0.0010
38.6400	-0.0005
38.6500	-0.0006
38.6600	-0.0009
38.6700	-0.0015
38.6800	-0.0019
38.6900	-0.0021
38.7000	-0.0021
38.7100	-0.0019
38.7200	-0.0014
38.7300	-0.0012
38.7400	-0.0011
38.7500	-0.0015
38.7600	-0.0019
38.7700	-0.0020
38.7800	-0.0016
38.7900	-0.0009
38.8000	-0.0004
38.8100	-0.0003
38.8200	-0.0002
38.8300	-0.0003
38.8400	-0.0002
38.8500	0.0004
38.8600	0.0011
38.8700	0.0018
38.8800	0.0025
38.8900	0.0030
38.9000	0.0031
38.9100	0.0031
38.9200	0.0031
38.9300	0.0030
38.9400	0.0030
38.9500	0.0033
38.9600	0.0039
38.9700	0.0046
38.9800	0.0051
38.9900	0.0055
39.0000	0.0055
39.0100	0.0051
39.0200	0.0043
39.0300	0.0034
39.0400	0.0026
39.0500	0.0018
39.0600	0.0013
39.0700	0.0009
39.0800	0.0009
39.0900	0.0015
39.1000	0.0025
39.1100	0.0036
39.1200	0.0041
39.1300	0.0042
39.1400	0.0041
39.1500	0.0040
39.1600	0.0037
39.1700	0.0035
39.1800	0.0033
39.1900	0.0028
39.2000	0.0023
39.2100	0.0019
39.2200	0.0016
39.2300	0.0013
39.2400	0.0006
39.2500	-0.0000
39.2600	-0.0006
39.2700	-0.0012
39.2800	-0.0017
39.2900	-0.0019
39.3000	-0.0019
39.3100	-0.0014
39.3200	-0.0009
39.3300	-0.0002
39.3400	0.0005
39.3500	0.0009
39.3600	0.0011
39.3700	0.0009
39.3800	0.0006
39.3900	-0.0001
39.4000	-0.0009
39.4100	-0.0014
39.4200	-0.0016
39.4300	-0.0017
39.4400	-0.0016
39.4500	-0.0016
39.4600	-0.0016
39.4700	-0.0016
39.4800	-0.0016
39.4900	-0.0016
39.5000	-0.0019
39.5100	-0.0022
39.5200	-0.0025
39.5300	-0.0027
39.5400	-0.0028
39.5500	-0.0026
39.5600	-0.0024
39.5700	-0.0021
39.5800	-0.0018
39.5900	-0.0014
39.6000	-0.0011
39.6100	-0.0009
39.6200	-0.0006
39.6300	-0.0003
39.6400	-0.0001
39.6500	-0.0000
39.6600	0.0001
39.6700	0.0001
39.6800	0.0001
39.6900	0.0001
39.7000	0.0001
39.7100	0.0001
39.7200	0.0002
39.7300	0.0003
39.7400	0.0004
39.7500	0.0006
39.7600	0.0007
39.7700	0.0007
39.7800	0.0006
39.7900	0.0005
39.8000	0.0004
39.8100	0.0004
39.8200	0.0004
39.8300	0.0005
39.8400	0.0005
39.8500	0.0004
39.8600	0.0004
39.8700	0.0003
39.8800	0.0004
39.8900	0.0004
39.9000	0.0004
39.9100	0.0004
39.9200	0.0003
39.9300	0.0003
39.9400	0.0002
39.9500	0.0001
39.9600	0.0001
39.9700	0.0001
39.9800	0.0001
39.9900	0.0001
40.0000	0.0001
40.0100	0.0001
40.0200	0.0001
40.0300	0.0001
40.0400	0.0001
40.0500	0.0001
40.0600	0.0002
40.0700	0.0002
40.0800	0.0002
40.0900	0.0002
40.1000	0.0001
40.1100	0.0001
40.1200	0.0001
40.1300	0.0001
40.1400	0.0001
40.1500	0.0000
40.1600	0.0000
40.1700	0.0000
40.1800	0.0000
40.1900	0.0000
40.2000	-0.0000
40.2100	-0.0001
40.2200	-0.0001
40.2300	-0.0001
40.2400	-0.0001
40.2500	-0.0001
40.2600	-0.0001
40.2700	-0.0001
40.2800	-0.0000
40.2900	-0.0000
40.3000	-0.0000
40.3100	-0.0000
40.3200	-0.0000
40.3300	-0.0000
40.3400	0.0000
40.3500	0.0000
40.3600	0.0001
40.3700	0.0001
40.3800	0.0001
40.3900	0.0001
40.4000	0.0001
40.4100	0.0000
40.4200	0.0000
40.4300	0.0000
40.4400	0.0000
40.4500	0.0000
40.4600	0.0000
40.4700	-0.0000
40.4800	-0.0000
40.4900	-0.0000
40.5000	-0.0000
40.5100	-0.0000
40.5200	-0.0000
40.5300	-0.0000
40.5400	-0.0000
40.5500	-0.0000
40.5600	-0.0000
40.5700	-0.0000
40.5800	-0.0000
40.5900	-0.0000
40.6000	-0.0000
40.6100	-0.0000
40.6200	-0.0000
40.6300	-0.0000
40.6400	-0.0000
40.6500	-0.0000
40.6600	-0.0000
40.6700	-0.0000
40.6800	-0.0000
40.6900	-0.0000
40.7000	-0.0000
40.7100	-0.0000
40.7200	-0.0000
40.7300	-0.0000
40.7400	-0.0000
40.7500	-0.0000
40.7600	-0.0000
40.7700	-0.0000
40.7800	-0.0000
40.7900	-0.0000
40.8000	-0.0000
40.8100	-0.0000
40.8200	-0.0000
40.8300	-0.0000
40.8400	-0.0000
40.8500	-0.0000
40.8600	-0.0000
40.8700	-0.0000
40.8800	-0.0000
40.8900	-0.0000
40.9000	-0.0000
