The Kocaeli (Turkey) earthquake of August 17, 1999.
Source: PEER Strong Motion Database
Recording station: YARIMCA(KOERI330)
Frequency range: 0.07-50.0 Hz
Time[s] Accel[g]
0.0000	0.0008
0.0100	0.0008
0.0200	0.0008
0.0300	0.0008
0.0400	0.0008
0.0500	0.0008
0.0600	0.0007
0.0700	0.0007
0.0800	0.0007
0.0900	0.0007
0.1000	0.0007
0.1100	0.0007
0.1200	0.0007
0.1300	0.0007
0.1400	0.0007
0.1500	0.0007
0.1600	0.0007
0.1700	0.0007
0.1800	0.0007
0.1900	0.0007
0.2000	0.0007
0.2100	0.0007
0.2200	0.0007
0.2300	0.0007
0.2400	0.0007
0.2500	0.0007
0.2600	0.0007
0.2700	0.0007
0.2800	0.0007
0.2900	0.0006
0.3000	0.0007
0.3100	0.0007
0.3200	0.0007
0.3300	0.0007
0.3400	0.0007
0.3500	0.0006
0.3600	0.0006
0.3700	0.0006
0.3800	0.0006
0.3900	0.0006
0.4000	0.0006
0.4100	0.0006
0.4200	0.0006
0.4300	0.0006
0.4400	0.0006
0.4500	0.0006
0.4600	0.0006
0.4700	0.0006
0.4800	0.0006
0.4900	0.0006
0.5000	0.0006
0.5100	0.0006
0.5200	0.0006
0.5300	0.0006
0.5400	0.0006
0.5500	0.0006
0.5600	0.0006
0.5700	0.0005
0.5800	0.0005
0.5900	0.0005
0.6000	0.0006
0.6100	0.0006
0.6200	0.0006
0.6300	0.0006
0.6400	0.0006
0.6500	0.0006
0.6600	0.0006
0.6700	0.0005
0.6800	0.0005
0.6900	0.0005
0.7000	0.0005
0.7100	0.0006
0.7200	0.0006
0.7300	0.0006
0.7400	0.0006
0.7500	0.0006
0.7600	0.0005
0.7700	0.0005
0.7800	0.0005
0.7900	0.0005
0.8000	0.0005
0.8100	0.0005
0.8200	0.0006
0.8300	0.0006
0.8400	0.0005
0.8500	0.0005
0.8600	0.0005
0.8700	0.0005
0.8800	0.0004
0.8900	0.0004
0.9000	0.0004
0.9100	0.0004
0.9200	0.0005
0.9300	0.0005
0.9400	0.0005
0.9500	0.0005
0.9600	0.0005
0.9700	0.0004
0.9800	0.0004
0.9900	0.0004
1.0000	0.0004
1.0100	0.0005
1.0200	0.0005
1.0300	0.0005
1.0400	0.0006
1.0500	0.0005
1.0600	0.0005
1.0700	0.0004
1.0800	0.0004
1.0900	0.0004
1.1000	0.0004
1.1100	0.0004
1.1200	0.0005
1.1300	0.0005
1.1400	0.0005
1.1500	0.0004
1.1600	0.0004
1.1700	0.0004
1.1800	0.0003
1.1900	0.0003
1.2000	0.0003
1.2100	0.0004
1.2200	0.0004
1.2300	0.0004
1.2400	0.0005
1.2500	0.0005
1.2600	0.0004
1.2700	0.0004
1.2800	0.0003
1.2900	0.0003
1.3000	0.0002
1.3100	0.0003
1.3200	0.0003
1.3300	0.0004
1.3400	0.0005
1.3500	0.0004
1.3600	0.0003
1.3700	0.0003
1.3800	0.0003
1.3900	0.0002
1.4000	0.0003
1.4100	0.0003
1.4200	0.0003
1.4300	0.0004
1.4400	0.0004
1.4500	0.0004
1.4600	0.0004
1.4700	0.0003
1.4800	0.0002
1.4900	0.0002
1.5000	0.0002
1.5100	0.0002
1.5200	0.0003
1.5300	0.0003
1.5400	0.0004
1.5500	0.0003
1.5600	0.0003
1.5700	0.0002
1.5800	0.0002
1.5900	0.0001
1.6000	0.0002
1.6100	0.0001
1.6200	0.0002
1.6300	0.0003
1.6400	0.0003
1.6500	0.0003
1.6600	0.0003
1.6700	0.0002
1.6800	0.0002
1.6900	-0.0000
1.7000	0.0001
1.7100	0.0001
1.7200	0.0002
1.7300	0.0002
1.7400	0.0003
1.7500	0.0003
1.7600	0.0003
1.7700	0.0002
1.7800	0.0001
1.7900	0.0000
1.8000	0.0000
1.8100	0.0001
1.8200	0.0001
1.8300	0.0002
1.8400	0.0003
1.8500	0.0002
1.8600	0.0001
1.8700	0.0002
1.8800	0.0001
1.8900	0.0000
1.9000	-0.0001
1.9100	0.0001
1.9200	0.0001
1.9300	0.0002
1.9400	0.0002
1.9500	0.0002
1.9600	0.0001
1.9700	0.0002
1.9800	0.0001
1.9900	0.0000
2.0000	-0.0001
2.0100	-0.0001
2.0200	0.0001
2.0300	0.0002
2.0400	0.0002
2.0500	0.0001
2.0600	0.0000
2.0700	0.0001
2.0800	0.0001
2.0900	-0.0001
2.1000	-0.0001
2.1100	-0.0000
2.1200	-0.0001
2.1300	0.0001
2.1400	0.0001
2.1500	0.0002
2.1600	0.0000
2.1700	0.0001
2.1800	0.0000
2.1900	-0.0001
2.2000	-0.0001
2.2100	-0.0001
2.2200	-0.0001
2.2300	0.0000
2.2400	0.0001
2.2500	0.0001
2.2600	0.0000
2.2700	0.0000
2.2800	-0.0001
2.2900	-0.0000
2.3000	-0.0001
2.3100	-0.0001
2.3200	-0.0001
2.3300	0.0000
2.3400	0.0001
2.3500	0.0001
2.3600	0.0000
2.3700	0.0000
2.3800	0.0000
2.3900	-0.0001
2.4000	-0.0002
2.4100	-0.0002
2.4200	-0.0002
2.4300	-0.0001
2.4400	0.0000
2.4500	0.0000
2.4600	-0.0000
2.4700	-0.0001
2.4800	-0.0001
2.4900	-0.0001
2.5000	-0.0002
2.5100	-0.0002
2.5200	-0.0002
2.5300	-0.0001
2.5400	0.0000
2.5500	0.0001
2.5600	-0.0000
2.5700	-0.0000
2.5800	-0.0001
2.5900	-0.0001
2.6000	-0.0003
2.6100	-0.0002
2.6200	-0.0002
2.6300	-0.0002
2.6400	-0.0001
2.6500	-0.0000
2.6600	-0.0000
2.6700	-0.0000
2.6800	-0.0000
2.6900	-0.0001
2.7000	-0.0002
2.7100	-0.0002
2.7200	-0.0003
2.7300	-0.0001
2.7400	-0.0001
2.7500	-0.0001
2.7600	-0.0001
2.7700	-0.0001
2.7800	-0.0001
2.7900	-0.0002
2.8000	-0.0002
2.8100	-0.0002
2.8200	-0.0003
2.8300	-0.0002
2.8400	-0.0001
2.8500	-0.0001
2.8600	-0.0000
2.8700	-0.0001
2.8800	-0.0001
2.8900	-0.0001
2.9000	-0.0002
2.9100	-0.0003
2.9200	-0.0004
2.9300	-0.0002
2.9400	-0.0002
2.9500	-0.0001
2.9600	-0.0000
2.9700	-0.0000
2.9800	-0.0002
2.9900	-0.0002
3.0000	-0.0002
3.0100	-0.0003
3.0200	-0.0004
3.0300	-0.0003
3.0400	-0.0002
3.0500	-0.0002
3.0600	-0.0001
3.0700	-0.0001
3.0800	-0.0001
3.0900	-0.0001
3.1000	-0.0002
3.1100	-0.0003
3.1200	-0.0003
3.1300	-0.0003
3.1400	-0.0002
3.1500	-0.0002
3.1600	-0.0001
3.1700	-0.0001
3.1800	-0.0002
3.1900	-0.0002
3.2000	-0.0002
3.2100	-0.0003
3.2200	-0.0004
3.2300	-0.0004
3.2400	-0.0002
3.2500	-0.0001
3.2600	-0.0001
3.2700	-0.0002
3.2800	-0.0002
3.2900	-0.0002
3.3000	-0.0002
3.3100	-0.0003
3.3200	-0.0004
3.3300	-0.0003
3.3400	-0.0003
3.3500	-0.0002
3.3600	-0.0001
3.3700	-0.0001
3.3800	-0.0002
3.3900	-0.0002
3.4000	-0.0003
3.4100	-0.0004
3.4200	-0.0003
3.4300	-0.0004
3.4400	-0.0003
3.4500	-0.0002
3.4600	-0.0001
3.4700	-0.0002
3.4800	-0.0002
3.4900	-0.0001
3.5000	-0.0002
3.5100	-0.0003
3.5200	-0.0004
3.5300	-0.0004
3.5400	-0.0003
3.5500	-0.0002
3.5600	-0.0002
3.5700	-0.0001
3.5800	-0.0003
3.5900	-0.0002
3.6000	-0.0003
3.6100	-0.0003
3.6200	-0.0004
3.6300	-0.0004
3.6400	-0.0003
3.6500	-0.0002
3.6600	-0.0002
3.6700	-0.0002
3.6800	-0.0002
3.6900	-0.0003
3.7000	-0.0003
3.7100	-0.0004
3.7200	-0.0005
3.7300	-0.0004
3.7400	-0.0003
3.7500	-0.0003
3.7600	-0.0002
3.7700	-0.0002
3.7800	-0.0001
3.7900	-0.0002
3.8000	-0.0003
3.8100	-0.0003
3.8200	-0.0004
3.8300	-0.0005
3.8400	-0.0004
3.8500	-0.0003
3.8600	-0.0002
3.8700	-0.0002
3.8800	-0.0001
3.8900	-0.0003
3.9000	-0.0004
3.9100	-0.0003
3.9200	-0.0004
3.9300	-0.0005
3.9400	-0.0005
3.9500	-0.0003
3.9600	-0.0002
3.9700	-0.0002
3.9800	-0.0002
3.9900	-0.0003
4.0000	-0.0002
4.0100	-0.0003
4.0200	-0.0004
4.0300	-0.0004
4.0400	-0.0004
4.0500	-0.0004
4.0600	-0.0003
4.0700	-0.0002
4.0800	-0.0002
4.0900	-0.0002
4.1000	-0.0002
4.1100	-0.0003
4.1200	-0.0004
4.1300	-0.0004
4.1400	-0.0004
4.1500	-0.0003
4.1600	-0.0003
4.1700	-0.0003
4.1800	-0.0001
4.1900	-0.0003
4.2000	-0.0003
4.2100	-0.0003
4.2200	-0.0004
4.2300	-0.0004
4.2400	-0.0004
4.2500	-0.0004
4.2600	-0.0002
4.2700	-0.0002
4.2800	-0.0001
4.2900	-0.0002
4.3000	-0.0003
4.3100	-0.0003
4.3200	-0.0004
4.3300	-0.0004
4.3400	-0.0004
4.3500	-0.0004
4.3600	-0.0004
4.3700	-0.0002
4.3800	-0.0001
4.3900	-0.0002
4.4000	-0.0003
4.4100	-0.0004
4.4200	-0.0004
4.4300	-0.0004
4.4400	-0.0004
4.4500	-0.0005
4.4600	-0.0003
4.4700	-0.0002
4.4800	-0.0002
4.4900	-0.0003
4.5000	-0.0003
4.5100	-0.0003
4.5200	-0.0004
4.5300	-0.0005
4.5400	-0.0004
4.5500	-0.0004
4.5600	-0.0003
4.5700	-0.0003
4.5800	-0.0001
4.5900	-0.0003
4.6000	-0.0003
4.6100	-0.0003
4.6200	-0.0004
4.6300	-0.0005
4.6400	-0.0004
4.6500	-0.0004
4.6600	-0.0003
4.6700	-0.0003
4.6800	-0.0002
4.6900	-0.0002
4.7000	-0.0003
4.7100	-0.0004
4.7200	-0.0003
4.7300	-0.0004
4.7400	-0.0004
4.7500	-0.0004
4.7600	-0.0003
4.7700	-0.0003
4.7800	-0.0003
4.7900	-0.0003
4.8000	-0.0002
4.8100	-0.0004
4.8200	-0.0006
4.8300	-0.0005
4.8400	-0.0004
4.8500	-0.0006
4.8600	-0.0003
4.8700	-0.0002
4.8800	-0.0002
4.8900	-0.0003
4.9000	-0.0000
4.9100	-0.0001
4.9200	-0.0001
4.9300	-0.0002
4.9400	-0.0003
4.9500	-0.0006
4.9600	-0.0005
4.9700	-0.0002
4.9800	-0.0002
4.9900	0.0000
5.0000	-0.0003
5.0100	-0.0007
5.0200	-0.0007
5.0300	-0.0004
5.0400	-0.0001
5.0500	-0.0006
5.0600	-0.0007
5.0700	-0.0004
5.0800	-0.0001
5.0900	-0.0008
5.1000	-0.0007
5.1100	-0.0002
5.1200	-0.0001
5.1300	-0.0011
5.1400	-0.0005
5.1500	0.0002
5.1600	-0.0003
5.1700	-0.0011
5.1800	-0.0007
5.1900	0.0008
5.2000	0.0003
5.2100	-0.0010
5.2200	-0.0010
5.2300	-0.0001
5.2400	-0.0002
5.2500	-0.0007
5.2600	-0.0005
5.2700	0.0001
5.2800	-0.0006
5.2900	-0.0011
5.3000	0.0003
5.3100	0.0002
5.3200	-0.0009
5.3300	-0.0000
5.3400	-0.0000
5.3500	-0.0012
5.3600	-0.0013
5.3700	-0.0008
5.3800	-0.0002
5.3900	0.0005
5.4000	0.0002
5.4100	-0.0004
5.4200	-0.0008
5.4300	-0.0006
5.4400	0.0006
5.4500	0.0000
5.4600	0.0003
5.4700	0.0009
5.4800	-0.0000
5.4900	-0.0000
5.5000	0.0002
5.5100	-0.0005
5.5200	-0.0011
5.5300	-0.0008
5.5400	0.0002
5.5500	-0.0006
5.5600	-0.0012
5.5700	0.0008
5.5800	0.0001
5.5900	-0.0015
5.6000	-0.0000
5.6100	0.0004
5.6200	0.0003
5.6300	0.0006
5.6400	0.0003
5.6500	0.0000
5.6600	-0.0009
5.6700	0.0001
5.6800	0.0012
5.6900	-0.0003
5.7000	-0.0007
5.7100	-0.0004
5.7200	-0.0010
5.7300	-0.0014
5.7400	-0.0013
5.7500	-0.0013
5.7600	-0.0032
5.7700	-0.0032
5.7800	-0.0019
5.7900	-0.0016
5.8000	-0.0012
5.8100	-0.0015
5.8200	-0.0015
5.8300	0.0006
5.8400	-0.0005
5.8500	-0.0003
5.8600	0.0008
5.8700	0.0001
5.8800	0.0024
5.8900	0.0024
5.9000	0.0011
5.9100	0.0015
5.9200	0.0020
5.9300	0.0012
5.9400	-0.0013
5.9500	-0.0006
5.9600	0.0034
5.9700	0.0002
5.9800	-0.0018
5.9900	0.0013
6.0000	0.0006
6.0100	0.0008
6.0200	-0.0000
6.0300	0.0017
6.0400	0.0035
6.0500	0.0020
6.0600	-0.0003
6.0700	0.0017
6.0800	0.0047
6.0900	0.0053
6.1000	0.0030
6.1100	0.0038
6.1200	0.0059
6.1300	0.0019
6.1400	0.0007
6.1500	0.0034
6.1600	0.0009
6.1700	-0.0008
6.1800	-0.0004
6.1900	0.0003
6.2000	0.0002
6.2100	-0.0019
6.2200	-0.0032
6.2300	-0.0016
6.2400	0.0004
6.2500	-0.0025
6.2600	-0.0038
6.2700	0.0003
6.2800	0.0025
6.2900	0.0004
6.3000	0.0007
6.3100	0.0029
6.3200	0.0044
6.3300	0.0021
6.3400	0.0011
6.3500	0.0042
6.3600	0.0039
6.3700	0.0005
6.3800	0.0022
6.3900	0.0032
6.4000	-0.0012
6.4100	-0.0039
6.4200	0.0006
6.4300	0.0054
6.4400	0.0021
6.4500	-0.0017
6.4600	0.0034
6.4700	0.0035
6.4800	0.0009
6.4900	0.0012
6.5000	0.0043
6.5100	0.0072
6.5200	0.0075
6.5300	0.0062
6.5400	0.0049
6.5500	0.0045
6.5600	0.0038
6.5700	0.0064
6.5800	0.0082
6.5900	0.0075
6.6000	0.0067
6.6100	0.0046
6.6200	0.0026
6.6300	-0.0018
6.6400	0.0022
6.6500	0.0110
6.6600	0.0093
6.6700	0.0023
6.6800	0.0012
6.6900	0.0008
6.7000	-0.0009
6.7100	0.0010
6.7200	0.0093
6.7300	0.0138
6.7400	0.0096
6.7500	0.0071
6.7600	0.0083
6.7700	0.0078
6.7800	0.0074
6.7900	0.0015
6.8000	0.0059
6.8100	0.0203
6.8200	0.0144
6.8300	0.0073
6.8400	0.0091
6.8500	-0.0019
6.8600	-0.0145
6.8700	0.0005
6.8800	0.0113
6.8900	0.0008
6.9000	-0.0085
6.9100	-0.0038
6.9200	-0.0072
6.9300	-0.0136
6.9400	-0.0078
6.9500	-0.0017
6.9600	-0.0032
6.9700	-0.0054
6.9800	-0.0034
6.9900	0.0059
7.0000	0.0103
7.0100	0.0046
7.0200	0.0059
7.0300	0.0065
7.0400	0.0036
7.0500	0.0060
7.0600	0.0092
7.0700	0.0097
7.0800	0.0067
7.0900	0.0113
7.1000	0.0118
7.1100	0.0049
7.1200	0.0004
7.1300	0.0012
7.1400	0.0003
7.1500	0.0042
7.1600	0.0103
7.1700	0.0060
7.1800	-0.0040
7.1900	-0.0073
7.2000	-0.0022
7.2100	0.0012
7.2200	-0.0011
7.2300	-0.0025
7.2400	-0.0020
7.2500	-0.0059
7.2600	-0.0101
7.2700	-0.0077
7.2800	-0.0043
7.2900	-0.0014
7.3000	-0.0029
7.3100	0.0010
7.3200	0.0072
7.3300	0.0116
7.3400	0.0096
7.3500	0.0105
7.3600	0.0162
7.3700	0.0141
7.3800	0.0069
7.3900	0.0071
7.4000	0.0054
7.4100	-0.0036
7.4200	-0.0068
7.4300	0.0001
7.4400	0.0028
7.4500	-0.0049
7.4600	-0.0083
7.4700	-0.0095
7.4800	0.0033
7.4900	0.0167
7.5000	0.0191
7.5100	0.0202
7.5200	0.0196
7.5300	0.0133
7.5400	0.0049
7.5500	0.0044
7.5600	0.0094
7.5700	0.0148
7.5800	0.0195
7.5900	0.0144
7.6000	0.0026
7.6100	-0.0091
7.6200	-0.0125
7.6300	-0.0030
7.6400	0.0109
7.6500	0.0218
7.6600	0.0254
7.6700	0.0206
7.6800	0.0145
7.6900	0.0028
7.7000	-0.0025
7.7100	0.0133
7.7200	0.0247
7.7300	0.0215
7.7400	0.0236
7.7500	0.0294
7.7600	0.0217
7.7700	0.0116
7.7800	0.0183
7.7900	0.0167
7.8000	0.0053
7.8100	0.0155
7.8200	0.0282
7.8300	0.0240
7.8400	0.0097
7.8500	0.0014
7.8600	-0.0058
7.8700	-0.0105
7.8800	-0.0145
7.8900	-0.0133
7.9000	-0.0155
7.9100	-0.0160
7.9200	-0.0038
7.9300	-0.0032
7.9400	-0.0128
7.9500	-0.0181
7.9600	-0.0215
7.9700	-0.0185
7.9800	-0.0034
7.9900	-0.0044
8.0000	0.0003
8.0100	0.0116
8.0200	0.0083
8.0300	0.0116
8.0400	0.0266
8.0500	0.0397
8.0600	0.0335
8.0700	0.0301
8.0800	0.0255
8.0900	0.0394
8.1000	0.0416
8.1100	0.0346
8.1200	0.0391
8.1300	0.0328
8.1400	0.0246
8.1500	0.0171
8.1600	0.0143
8.1700	0.0045
8.1800	-0.0026
8.1900	-0.0025
8.2000	-0.0079
8.2100	-0.0040
8.2200	0.0058
8.2300	0.0108
8.2400	0.0087
8.2500	0.0082
8.2600	0.0025
8.2700	-0.0076
8.2800	-0.0115
8.2900	-0.0134
8.3000	-0.0171
8.3100	-0.0205
8.3200	-0.0178
8.3300	-0.0123
8.3400	-0.0066
8.3500	-0.0064
8.3600	-0.0065
8.3700	-0.0040
8.3800	-0.0044
8.3900	-0.0023
8.4000	-0.0049
8.4100	-0.0059
8.4200	-0.0041
8.4300	-0.0120
8.4400	-0.0104
8.4500	-0.0109
8.4600	-0.0198
8.4700	-0.0203
8.4800	-0.0190
8.4900	-0.0167
8.5000	-0.0078
8.5100	-0.0029
8.5200	-0.0121
8.5300	-0.0253
8.5400	-0.0340
8.5500	-0.0356
8.5600	-0.0318
8.5700	-0.0189
8.5800	-0.0040
8.5900	0.0088
8.6000	0.0163
8.6100	0.0128
8.6200	0.0065
8.6300	-0.0092
8.6400	-0.0318
8.6500	-0.0404
8.6600	-0.0472
8.6700	-0.0505
8.6800	-0.0518
8.6900	-0.0463
8.7000	-0.0342
8.7100	-0.0281
8.7200	-0.0260
8.7300	-0.0198
8.7400	-0.0161
8.7500	-0.0205
8.7600	-0.0254
8.7700	-0.0262
8.7800	-0.0204
8.7900	-0.0145
8.8000	-0.0063
8.8100	0.0056
8.8200	0.0156
8.8300	0.0273
8.8400	0.0305
8.8500	0.0301
8.8600	0.0268
8.8700	0.0144
8.8800	0.0012
8.8900	-0.0030
8.9000	-0.0027
8.9100	-0.0074
8.9200	-0.0074
8.9300	-0.0103
8.9400	-0.0244
8.9500	-0.0331
8.9600	-0.0401
8.9700	-0.0517
8.9800	-0.0626
8.9900	-0.0690
9.0000	-0.0644
9.0100	-0.0589
9.0200	-0.0488
9.0300	-0.0394
9.0400	-0.0354
9.0500	-0.0279
9.0600	-0.0204
9.0700	-0.0108
9.0800	-0.0011
9.0900	0.0021
9.1000	0.0084
9.1100	0.0165
9.1200	0.0208
9.1300	0.0262
9.1400	0.0303
9.1500	0.0364
9.1600	0.0412
9.1700	0.0277
9.1800	0.0290
9.1900	0.0377
9.2000	0.0523
9.2100	0.0459
9.2200	0.0389
9.2300	0.0586
9.2400	0.0675
9.2500	0.0728
9.2600	0.0687
9.2700	0.0759
9.2800	0.0724
9.2900	0.0672
9.3000	0.0640
9.3100	0.0589
9.3200	0.0545
9.3300	0.0480
9.3400	0.0471
9.3500	0.0498
9.3600	0.0470
9.3700	0.0382
9.3800	0.0267
9.3900	0.0399
9.4000	0.0319
9.4100	0.0216
9.4200	0.0193
9.4300	0.0172
9.4400	0.0122
9.4500	0.0123
9.4600	0.0149
9.4700	0.0029
9.4800	-0.0195
9.4900	-0.0163
9.5000	-0.0189
9.5100	-0.0209
9.5200	-0.0145
9.5300	-0.0082
9.5400	-0.0048
9.5500	-0.0024
9.5600	0.0010
9.5700	0.0015
9.5800	-0.0004
9.5900	0.0012
9.6000	0.0099
9.6100	0.0271
9.6200	0.0390
9.6300	0.0407
9.6400	0.0488
9.6500	0.0535
9.6600	0.0390
9.6700	0.0315
9.6800	0.0283
9.6900	0.0184
9.7000	0.0126
9.7100	0.0113
9.7200	0.0076
9.7300	-0.0049
9.7400	-0.0255
9.7500	-0.0459
9.7600	-0.0713
9.7700	-0.0971
9.7800	-0.1234
9.7900	-0.1517
9.8000	-0.1794
9.8100	-0.2087
9.8200	-0.2382
9.8300	-0.2645
9.8400	-0.2921
9.8500	-0.3146
9.8600	-0.3392
9.8700	-0.3490
9.8800	-0.3311
9.8900	-0.2729
9.9000	-0.1907
9.9100	-0.1204
9.9200	-0.0830
9.9300	-0.0728
9.9400	-0.0776
9.9500	-0.0816
9.9600	-0.0824
9.9700	-0.0909
9.9800	-0.0832
9.9900	-0.0632
10.0000	-0.0422
10.0100	-0.0193
10.0200	-0.0110
10.0300	-0.0167
10.0400	-0.0245
10.0500	-0.0412
10.0600	-0.0601
10.0700	-0.0738
10.0800	-0.0900
10.0900	-0.1054
10.1000	-0.1208
10.1100	-0.1372
10.1200	-0.1442
10.1300	-0.1536
10.1400	-0.1611
10.1500	-0.1675
10.1600	-0.1780
10.1700	-0.1724
10.1800	-0.1589
10.1900	-0.1568
10.2000	-0.1453
10.2100	-0.1369
10.2200	-0.1344
10.2300	-0.1165
10.2400	-0.1008
10.2500	-0.0961
10.2600	-0.0890
10.2700	-0.0819
10.2800	-0.0831
10.2900	-0.0791
10.3000	-0.0838
10.3100	-0.0963
10.3200	-0.0844
10.3300	-0.0712
10.3400	-0.0712
10.3500	-0.0534
10.3600	-0.0393
10.3700	-0.0282
10.3800	-0.0062
10.3900	0.0101
10.4000	0.0200
10.4100	0.0200
10.4200	0.0209
10.4300	0.0357
10.4400	0.0428
10.4500	0.0322
10.4600	0.0423
10.4700	0.0511
10.4800	0.0601
10.4900	0.0539
10.5000	0.0476
10.5100	0.0483
10.5200	0.0543
10.5300	0.0522
10.5400	0.0481
10.5500	0.0538
10.5600	0.0593
10.5700	0.0621
10.5800	0.0658
10.5900	0.0644
10.6000	0.0583
10.6100	0.0640
10.6200	0.0582
10.6300	0.0496
10.6400	0.0427
10.6500	0.0366
10.6600	0.0385
10.6700	0.0482
10.6800	0.0497
10.6900	0.0439
10.7000	0.0436
10.7100	0.0547
10.7200	0.0362
10.7300	0.0434
10.7400	0.0531
10.7500	0.0530
10.7600	0.0574
10.7700	0.0560
10.7800	0.0551
10.7900	0.0600
10.8000	0.0589
10.8100	0.0475
10.8200	0.0368
10.8300	0.0332
10.8400	0.0227
10.8500	0.0125
10.8600	0.0127
10.8700	0.0128
10.8800	0.0130
10.8900	0.0125
10.9000	0.0149
10.9100	0.0199
10.9200	0.0200
10.9300	0.0258
10.9400	0.0302
10.9500	0.0260
10.9600	0.0353
10.9700	0.0410
10.9800	0.0443
10.9900	0.0488
11.0000	0.0537
11.0100	0.0458
11.0200	0.0290
11.0300	0.0159
11.0400	0.0071
11.0500	-0.0061
11.0600	-0.0221
11.0700	-0.0425
11.0800	-0.0559
11.0900	-0.0662
11.1000	-0.0700
11.1100	-0.0688
11.1200	-0.0562
11.1300	-0.0396
11.1400	-0.0255
11.1500	-0.0097
11.1600	0.0066
11.1700	0.0290
11.1800	0.0597
11.1900	0.0775
11.2000	0.0808
11.2100	0.0774
11.2200	0.0636
11.2300	0.0542
11.2400	0.0621
11.2500	0.0748
11.2600	0.1008
11.2700	0.1275
11.2800	0.1476
11.2900	0.1633
11.3000	0.1647
11.3100	0.1678
11.3200	0.1787
11.3300	0.1768
11.3400	0.1770
11.3500	0.1959
11.3600	0.1995
11.3700	0.2008
11.3800	0.2046
11.3900	0.1963
11.4000	0.1821
11.4100	0.1467
11.4200	0.1061
11.4300	0.0704
11.4400	0.0340
11.4500	0.0007
11.4600	-0.0327
11.4700	-0.0632
11.4800	-0.0950
11.4900	-0.1207
11.5000	-0.1364
11.5100	-0.1531
11.5200	-0.1760
11.5300	-0.1775
11.5400	-0.1454
11.5500	-0.1045
11.5600	-0.0631
11.5700	-0.0331
11.5800	-0.0233
11.5900	-0.0255
11.6000	-0.0337
11.6100	-0.0358
11.6200	-0.0410
11.6300	-0.0469
11.6400	-0.0530
11.6500	-0.0567
11.6600	-0.0524
11.6700	-0.0625
11.6800	-0.0725
11.6900	-0.0720
11.7000	-0.0625
11.7100	-0.0484
11.7200	-0.0486
11.7300	-0.0560
11.7400	-0.0486
11.7500	-0.0356
11.7600	-0.0328
11.7700	-0.0284
11.7800	-0.0076
11.7900	0.0268
11.8000	0.0567
11.8100	0.0724
11.8200	0.0822
11.8300	0.0866
11.8400	0.0810
11.8500	0.0864
11.8600	0.0975
11.8700	0.1136
11.8800	0.1277
11.8900	0.1436
11.9000	0.1654
11.9100	0.1790
11.9200	0.1798
11.9300	0.1833
11.9400	0.1865
11.9500	0.1753
11.9600	0.1652
11.9700	0.1644
11.9800	0.1609
11.9900	0.1483
12.0000	0.1356
12.0100	0.1233
12.0200	0.1168
12.0300	0.1182
12.0400	0.1178
12.0500	0.1256
12.0600	0.1183
12.0700	0.1209
12.0800	0.1185
12.0900	0.1165
12.1000	0.1095
12.1100	0.1035
12.1200	0.1065
12.1300	0.1141
12.1400	0.1164
12.1500	0.1165
12.1600	0.1228
12.1700	0.1291
12.1800	0.1330
12.1900	0.1309
12.2000	0.1316
12.2100	0.1397
12.2200	0.1495
12.2300	0.1536
12.2400	0.1563
12.2500	0.1546
12.2600	0.1456
12.2700	0.1392
12.2800	0.1376
12.2900	0.1307
12.3000	0.1251
12.3100	0.1283
12.3200	0.1332
12.3300	0.1351
12.3400	0.1394
12.3500	0.1414
12.3600	0.1354
12.3700	0.1240
12.3800	0.1151
12.3900	0.1082
12.4000	0.1081
12.4100	0.1040
12.4200	0.0998
12.4300	0.0747
12.4400	0.0855
12.4500	0.0874
12.4600	0.0607
12.4700	0.0427
12.4800	0.0268
12.4900	0.0211
12.5000	0.0135
12.5100	0.0081
12.5200	0.0025
12.5300	0.0012
12.5400	0.0026
12.5500	-0.0002
12.5600	-0.0088
12.5700	-0.0123
12.5800	-0.0084
12.5900	-0.0084
12.6000	-0.0087
12.6100	0.0077
12.6200	0.0142
12.6300	0.0152
12.6400	0.0129
12.6500	0.0207
12.6600	0.0309
12.6700	0.0358
12.6800	0.0382
12.6900	0.0384
12.7000	0.0368
12.7100	0.0355
12.7200	0.0253
12.7300	0.0089
12.7400	-0.0030
12.7500	-0.0075
12.7600	-0.0047
12.7700	0.0031
12.7800	0.0033
12.7900	0.0037
12.8000	0.0044
12.8100	0.0021
12.8200	-0.0021
12.8300	-0.0099
12.8400	-0.0185
12.8500	-0.0281
12.8600	-0.0401
12.8700	-0.0568
12.8800	-0.0679
12.8900	-0.0704
12.9000	-0.0846
12.9100	-0.0901
12.9200	-0.0888
12.9300	-0.0922
12.9400	-0.1001
12.9500	-0.1013
12.9600	-0.0936
12.9700	-0.0932
12.9800	-0.0958
12.9900	-0.0961
13.0000	-0.0879
13.0100	-0.0816
13.0200	-0.0808
13.0300	-0.0832
13.0400	-0.0860
13.0500	-0.0875
13.0600	-0.0868
13.0700	-0.0849
13.0800	-0.0861
13.0900	-0.0915
13.1000	-0.0961
13.1100	-0.0996
13.1200	-0.1003
13.1300	-0.0895
13.1400	-0.0808
13.1500	-0.0807
13.1600	-0.0834
13.1700	-0.0854
13.1800	-0.0847
13.1900	-0.0886
13.2000	-0.0971
13.2100	-0.1082
13.2200	-0.1135
13.2300	-0.1161
13.2400	-0.1151
13.2500	-0.1125
13.2600	-0.1167
13.2700	-0.1271
13.2800	-0.1429
13.2900	-0.1523
13.3000	-0.1593
13.3100	-0.1641
13.3200	-0.1624
13.3300	-0.1582
13.3400	-0.1588
13.3500	-0.1587
13.3600	-0.1446
13.3700	-0.1249
13.3800	-0.1088
13.3900	-0.0925
13.4000	-0.0685
13.4100	-0.0427
13.4200	-0.0143
13.4300	0.0100
13.4400	0.0294
13.4500	0.0481
13.4600	0.0558
13.4700	0.0576
13.4800	0.0579
13.4900	0.0492
13.5000	0.0365
13.5100	0.0259
13.5200	0.0308
13.5300	0.0444
13.5400	0.0589
13.5500	0.0657
13.5600	0.0652
13.5700	0.0686
13.5800	0.0665
13.5900	0.0572
13.6000	0.0526
13.6100	0.0530
13.6200	0.0562
13.6300	0.0576
13.6400	0.0636
13.6500	0.0800
13.6600	0.0864
13.6700	0.0870
13.6800	0.0924
13.6900	0.0928
13.7000	0.0868
13.7100	0.0885
13.7200	0.0911
13.7300	0.0887
13.7400	0.0909
13.7500	0.1020
13.7600	0.1067
13.7700	0.0993
13.7800	0.0936
13.7900	0.0957
13.8000	0.0930
13.8100	0.0825
13.8200	0.0663
13.8300	0.0405
13.8400	0.0009
13.8500	-0.0444
13.8600	-0.0917
13.8700	-0.1357
13.8800	-0.1704
13.8900	-0.1997
13.9000	-0.2120
13.9100	-0.2319
13.9200	-0.2564
13.9300	-0.2837
13.9400	-0.2940
13.9500	-0.2951
13.9600	-0.2726
13.9700	-0.2298
13.9800	-0.1812
13.9900	-0.1280
14.0000	-0.0908
14.0100	-0.0748
14.0200	-0.0831
14.0300	-0.0940
14.0400	-0.1046
14.0500	-0.1091
14.0600	-0.1079
14.0700	-0.1074
14.0800	-0.1061
14.0900	-0.0961
14.1000	-0.0939
14.1100	-0.0986
14.1200	-0.0988
14.1300	-0.0962
14.1400	-0.1015
14.1500	-0.1096
14.1600	-0.1054
14.1700	-0.1043
14.1800	-0.1034
14.1900	-0.0909
14.2000	-0.0850
14.2100	-0.0773
14.2200	-0.0655
14.2300	-0.0551
14.2400	-0.0470
14.2500	-0.0407
14.2600	-0.0328
14.2700	-0.0329
14.2800	-0.0311
14.2900	-0.0234
14.3000	-0.0217
14.3100	-0.0272
14.3200	-0.0353
14.3300	-0.0427
14.3400	-0.0374
14.3500	-0.0414
14.3600	-0.0509
14.3700	-0.0410
14.3800	-0.0369
14.3900	-0.0436
14.4000	-0.0392
14.4100	-0.0430
14.4200	-0.0500
14.4300	-0.0413
14.4400	-0.0405
14.4500	-0.0463
14.4600	-0.0409
14.4700	-0.0439
14.4800	-0.0427
14.4900	-0.0431
14.5000	-0.0443
14.5100	-0.0462
14.5200	-0.0493
14.5300	-0.0555
14.5400	-0.0490
14.5500	-0.0433
14.5600	-0.0474
14.5700	-0.0453
14.5800	-0.0413
14.5900	-0.0441
14.6000	-0.0394
14.6100	-0.0401
14.6200	-0.0410
14.6300	-0.0305
14.6400	-0.0199
14.6500	-0.0223
14.6600	-0.0204
14.6700	-0.0081
14.6800	-0.0005
14.6900	0.0102
14.7000	0.0122
14.7100	0.0065
14.7200	0.0126
14.7300	0.0263
14.7400	0.0342
14.7500	0.0401
14.7600	0.0513
14.7700	0.0640
14.7800	0.0794
14.7900	0.0906
14.8000	0.0964
14.8100	0.1056
14.8200	0.1178
14.8300	0.1223
14.8400	0.1246
14.8500	0.1263
14.8600	0.1252
14.8700	0.1297
14.8800	0.1310
14.8900	0.1223
14.9000	0.1211
14.9100	0.1275
14.9200	0.1278
14.9300	0.1296
14.9400	0.1335
14.9500	0.1363
14.9600	0.1348
14.9700	0.1396
14.9800	0.1508
14.9900	0.1599
15.0000	0.1676
15.0100	0.1700
15.0200	0.1678
15.0300	0.1624
15.0400	0.1543
15.0500	0.1544
15.0600	0.1615
15.0700	0.1682
15.0800	0.1761
15.0900	0.1872
15.1000	0.1934
15.1100	0.1941
15.1200	0.1881
15.1300	0.1805
15.1400	0.1730
15.1500	0.1591
15.1600	0.1430
15.1700	0.1281
15.1800	0.1178
15.1900	0.1040
15.2000	0.0900
15.2100	0.0744
15.2200	0.0591
15.2300	0.0497
15.2400	0.0485
15.2500	0.0450
15.2600	0.0335
15.2700	0.0258
15.2800	0.0169
15.2900	0.0038
15.3000	-0.0050
15.3100	-0.0058
15.3200	-0.0057
15.3300	-0.0001
15.3400	0.0060
15.3500	0.0083
15.3600	0.0092
15.3700	0.0060
15.3800	0.0010
15.3900	-0.0037
15.4000	-0.0099
15.4100	-0.0151
15.4200	-0.0200
15.4300	-0.0237
15.4400	-0.0269
15.4500	-0.0265
15.4600	-0.0265
15.4700	-0.0252
15.4800	-0.0306
15.4900	-0.0438
15.5000	-0.0523
15.5100	-0.0581
15.5200	-0.0611
15.5300	-0.0518
15.5400	-0.0334
15.5500	-0.0086
15.5600	0.0188
15.5700	0.0457
15.5800	0.0718
15.5900	0.0946
15.6000	0.1095
15.6100	0.1227
15.6200	0.1279
15.6300	0.1244
15.6400	0.1232
15.6500	0.1189
15.6600	0.1045
15.6700	0.0797
15.6800	0.0484
15.6900	0.0159
15.7000	-0.0154
15.7100	-0.0390
15.7200	-0.0565
15.7300	-0.0819
15.7400	-0.0999
15.7500	-0.1193
15.7600	-0.1447
15.7700	-0.1580
15.7800	-0.1586
15.7900	-0.1379
15.8000	-0.1028
15.8100	-0.0576
15.8200	-0.0295
15.8300	-0.0152
15.8400	-0.0112
15.8500	-0.0005
15.8600	0.0119
15.8700	0.0296
15.8800	0.0390
15.8900	0.0589
15.9000	0.0723
15.9100	0.0803
15.9200	0.0788
15.9300	0.0619
15.9400	0.0402
15.9500	0.0237
15.9600	0.0083
15.9700	-0.0036
15.9800	-0.0086
15.9900	-0.0106
16.0000	-0.0110
16.0100	-0.0056
16.0200	0.0001
16.0300	0.0044
16.0400	0.0148
16.0500	0.0325
16.0600	0.0484
16.0700	0.0578
16.0800	0.0705
16.0900	0.0807
16.1000	0.0796
16.1100	0.0776
16.1200	0.0763
16.1300	0.0655
16.1400	0.0509
16.1500	0.0360
16.1600	0.0153
16.1700	-0.0031
16.1800	-0.0253
16.1900	-0.0431
16.2000	-0.0534
16.2100	-0.0628
16.2200	-0.0687
16.2300	-0.0685
16.2400	-0.0669
16.2500	-0.0610
16.2600	-0.0555
16.2700	-0.0508
16.2800	-0.0412
16.2900	-0.0294
16.3000	-0.0173
16.3100	-0.0097
16.3200	-0.0068
16.3300	0.0011
16.3400	0.0140
16.3500	0.0266
16.3600	0.0362
16.3700	0.0439
16.3800	0.0486
16.3900	0.0440
16.4000	0.0303
16.4100	0.0111
16.4200	-0.0103
16.4300	-0.0284
16.4400	-0.0386
16.4500	-0.0463
16.4600	-0.0535
16.4700	-0.0641
16.4800	-0.0830
16.4900	-0.1022
16.5000	-0.1204
16.5100	-0.1343
16.5200	-0.1442
16.5300	-0.1548
16.5400	-0.1639
16.5500	-0.1611
16.5600	-0.1532
16.5700	-0.1470
16.5800	-0.1370
16.5900	-0.1284
16.6000	-0.1204
16.6100	-0.1098
16.6200	-0.1012
16.6300	-0.0976
16.6400	-0.0938
16.6500	-0.0901
16.6600	-0.0850
16.6700	-0.0729
16.6800	-0.0571
16.6900	-0.0430
16.7000	-0.0339
16.7100	-0.0350
16.7200	-0.0447
16.7300	-0.0561
16.7400	-0.0636
16.7500	-0.0730
16.7600	-0.0775
16.7700	-0.0807
16.7800	-0.0828
16.7900	-0.0827
16.8000	-0.0814
16.8100	-0.0781
16.8200	-0.0747
16.8300	-0.0708
16.8400	-0.0685
16.8500	-0.0659
16.8600	-0.0606
16.8700	-0.0555
16.8800	-0.0495
16.8900	-0.0411
16.9000	-0.0329
16.9100	-0.0222
16.9200	-0.0080
16.9300	0.0079
16.9400	0.0241
16.9500	0.0413
16.9600	0.0556
16.9700	0.0646
16.9800	0.0693
16.9900	0.0699
17.0000	0.0636
17.0100	0.0579
17.0200	0.0483
17.0300	0.0360
17.0400	0.0261
17.0500	0.0235
17.0600	0.0274
17.0700	0.0316
17.0800	0.0340
17.0900	0.0352
17.1000	0.0343
17.1100	0.0302
17.1200	0.0217
17.1300	0.0123
17.1400	0.0105
17.1500	0.0175
17.1600	0.0325
17.1700	0.0529
17.1800	0.0751
17.1900	0.0959
17.2000	0.1129
17.2100	0.1254
17.2200	0.1322
17.2300	0.1244
17.2400	0.1089
17.2500	0.0936
17.2600	0.0763
17.2700	0.0632
17.2800	0.0561
17.2900	0.0503
17.3000	0.0507
17.3100	0.0563
17.3200	0.0605
17.3300	0.0651
17.3400	0.0688
17.3500	0.0706
17.3600	0.0664
17.3700	0.0593
17.3800	0.0543
17.3900	0.0491
17.4000	0.0452
17.4100	0.0408
17.4200	0.0290
17.4300	0.0157
17.4400	0.0012
17.4500	-0.0138
17.4600	-0.0278
17.4700	-0.0407
17.4800	-0.0534
17.4900	-0.0618
17.5000	-0.0597
17.5100	-0.0591
17.5200	-0.0655
17.5300	-0.0738
17.5400	-0.0762
17.5500	-0.0745
17.5600	-0.0711
17.5700	-0.0700
17.5800	-0.0730
17.5900	-0.0746
17.6000	-0.0760
17.6100	-0.0802
17.6200	-0.0832
17.6300	-0.0807
17.6400	-0.0762
17.6500	-0.0722
17.6600	-0.0671
17.6700	-0.0642
17.6800	-0.0645
17.6900	-0.0676
17.7000	-0.0693
17.7100	-0.0702
17.7200	-0.0722
17.7300	-0.0708
17.7400	-0.0630
17.7500	-0.0545
17.7600	-0.0457
17.7700	-0.0368
17.7800	-0.0291
17.7900	-0.0203
17.8000	-0.0092
17.8100	0.0022
17.8200	0.0135
17.8300	0.0218
17.8400	0.0243
17.8500	0.0209
17.8600	0.0174
17.8700	0.0149
17.8800	0.0130
17.8900	0.0144
17.9000	0.0162
17.9100	0.0166
17.9200	0.0186
17.9300	0.0217
17.9400	0.0193
17.9500	0.0128
17.9600	0.0053
17.9700	-0.0028
17.9800	-0.0097
17.9900	-0.0139
18.0000	-0.0162
18.0100	-0.0185
18.0200	-0.0197
18.0300	-0.0179
18.0400	-0.0123
18.0500	-0.0068
18.0600	-0.0014
18.0700	0.0000
18.0800	-0.0034
18.0900	-0.0098
18.1000	-0.0125
18.1100	-0.0126
18.1200	-0.0164
18.1300	-0.0167
18.1400	-0.0144
18.1500	-0.0187
18.1600	-0.0224
18.1700	-0.0210
18.1800	-0.0195
18.1900	-0.0145
18.2000	-0.0093
18.2100	-0.0056
18.2200	-0.0027
18.2300	-0.0012
18.2400	0.0013
18.2500	0.0044
18.2600	0.0059
18.2700	0.0071
18.2800	0.0111
18.2900	0.0141
18.3000	0.0164
18.3100	0.0162
18.3200	0.0131
18.3300	0.0105
18.3400	0.0083
18.3500	0.0074
18.3600	0.0084
18.3700	0.0154
18.3800	0.0218
18.3900	0.0248
18.4000	0.0274
18.4100	0.0274
18.4200	0.0233
18.4300	0.0189
18.4400	0.0154
18.4500	0.0114
18.4600	0.0067
18.4700	0.0003
18.4800	-0.0010
18.4900	0.0055
18.5000	0.0171
18.5100	0.0283
18.5200	0.0384
18.5300	0.0440
18.5400	0.0411
18.5500	0.0390
18.5600	0.0390
18.5700	0.0396
18.5800	0.0391
18.5900	0.0355
18.6000	0.0336
18.6100	0.0260
18.6200	0.0169
18.6300	0.0135
18.6400	0.0088
18.6500	0.0054
18.6600	0.0088
18.6700	0.0134
18.6800	0.0128
18.6900	0.0089
18.7000	0.0067
18.7100	0.0018
18.7200	-0.0096
18.7300	-0.0165
18.7400	-0.0200
18.7500	-0.0222
18.7600	-0.0218
18.7700	-0.0200
18.7800	-0.0190
18.7900	-0.0189
18.8000	-0.0197
18.8100	-0.0233
18.8200	-0.0272
18.8300	-0.0319
18.8400	-0.0385
18.8500	-0.0429
18.8600	-0.0412
18.8700	-0.0348
18.8800	-0.0288
18.8900	-0.0244
18.9000	-0.0168
18.9100	-0.0105
18.9200	-0.0060
18.9300	0.0019
18.9400	0.0106
18.9500	0.0154
18.9600	0.0123
18.9700	0.0075
18.9800	0.0076
18.9900	0.0124
19.0000	0.0199
19.0100	0.0258
19.0200	0.0352
19.0300	0.0423
19.0400	0.0410
19.0500	0.0372
19.0600	0.0297
19.0700	0.0195
19.0800	0.0077
19.0900	-0.0036
19.1000	-0.0102
19.1100	-0.0085
19.1200	-0.0027
19.1300	0.0052
19.1400	0.0137
19.1500	0.0207
19.1600	0.0197
19.1700	0.0141
19.1800	0.0066
19.1900	-0.0022
19.2000	-0.0103
19.2100	-0.0144
19.2200	-0.0139
19.2300	-0.0103
19.2400	-0.0055
19.2500	-0.0005
19.2600	0.0026
19.2700	-0.0006
19.2800	-0.0118
19.2900	-0.0227
19.3000	-0.0280
19.3100	-0.0289
19.3200	-0.0299
19.3300	-0.0291
19.3400	-0.0267
19.3500	-0.0235
19.3600	-0.0224
19.3700	-0.0206
19.3800	-0.0173
19.3900	-0.0142
19.4000	-0.0120
19.4100	-0.0093
19.4200	-0.0046
19.4300	0.0004
19.4400	0.0039
19.4500	0.0063
19.4600	0.0089
19.4700	0.0119
19.4800	0.0161
19.4900	0.0204
19.5000	0.0195
19.5100	0.0123
19.5200	0.0032
19.5300	-0.0046
19.5400	-0.0107
19.5500	-0.0121
19.5600	-0.0098
19.5700	-0.0071
19.5800	-0.0046
19.5900	-0.0051
19.6000	-0.0099
19.6100	-0.0162
19.6200	-0.0208
19.6300	-0.0250
19.6400	-0.0279
19.6500	-0.0309
19.6600	-0.0327
19.6700	-0.0349
19.6800	-0.0376
19.6900	-0.0387
19.7000	-0.0437
19.7100	-0.0484
19.7200	-0.0502
19.7300	-0.0526
19.7400	-0.0549
19.7500	-0.0596
19.7600	-0.0642
19.7700	-0.0671
19.7800	-0.0706
19.7900	-0.0757
19.8000	-0.0793
19.8100	-0.0816
19.8200	-0.0839
19.8300	-0.0846
19.8400	-0.0814
19.8500	-0.0777
19.8600	-0.0725
19.8700	-0.0662
19.8800	-0.0599
19.8900	-0.0532
19.9000	-0.0472
19.9100	-0.0441
19.9200	-0.0442
19.9300	-0.0457
19.9400	-0.0455
19.9500	-0.0403
19.9600	-0.0353
19.9700	-0.0323
19.9800	-0.0272
19.9900	-0.0222
20.0000	-0.0224
20.0100	-0.0241
20.0200	-0.0229
20.0300	-0.0228
20.0400	-0.0235
20.0500	-0.0225
20.0600	-0.0210
20.0700	-0.0193
20.0800	-0.0171
20.0900	-0.0188
20.1000	-0.0196
20.1100	-0.0182
20.1200	-0.0186
20.1300	-0.0242
20.1400	-0.0286
20.1500	-0.0291
20.1600	-0.0295
20.1700	-0.0310
20.1800	-0.0336
20.1900	-0.0364
20.2000	-0.0358
20.2100	-0.0360
20.2200	-0.0376
20.2300	-0.0365
20.2400	-0.0338
20.2500	-0.0290
20.2600	-0.0243
20.2700	-0.0234
20.2800	-0.0191
20.2900	-0.0173
20.3000	-0.0194
20.3100	-0.0209
20.3200	-0.0259
20.3300	-0.0284
20.3400	-0.0256
20.3500	-0.0256
20.3600	-0.0267
20.3700	-0.0240
20.3800	-0.0234
20.3900	-0.0233
20.4000	-0.0240
20.4100	-0.0263
20.4200	-0.0290
20.4300	-0.0309
20.4400	-0.0320
20.4500	-0.0333
20.4600	-0.0337
20.4700	-0.0368
20.4800	-0.0407
20.4900	-0.0429
20.5000	-0.0455
20.5100	-0.0478
20.5200	-0.0470
20.5300	-0.0454
20.5400	-0.0432
20.5500	-0.0376
20.5600	-0.0303
20.5700	-0.0252
20.5800	-0.0223
20.5900	-0.0200
20.6000	-0.0199
20.6100	-0.0190
20.6200	-0.0170
20.6300	-0.0149
20.6400	-0.0098
20.6500	-0.0032
20.6600	0.0056
20.6700	0.0168
20.6800	0.0254
20.6900	0.0327
20.7000	0.0399
20.7100	0.0463
20.7200	0.0499
20.7300	0.0517
20.7400	0.0548
20.7500	0.0577
20.7600	0.0591
20.7700	0.0593
20.7800	0.0599
20.7900	0.0631
20.8000	0.0685
20.8100	0.0711
20.8200	0.0711
20.8300	0.0697
20.8400	0.0659
20.8500	0.0564
20.8600	0.0460
20.8700	0.0408
20.8800	0.0400
20.8900	0.0392
20.9000	0.0362
20.9100	0.0318
20.9200	0.0267
20.9300	0.0230
20.9400	0.0198
20.9500	0.0173
20.9600	0.0153
20.9700	0.0125
20.9800	0.0095
20.9900	0.0076
21.0000	0.0086
21.0100	0.0108
21.0200	0.0118
21.0300	0.0138
21.0400	0.0158
21.0500	0.0149
21.0600	0.0113
21.0700	0.0104
21.0800	0.0114
21.0900	0.0107
21.1000	0.0071
21.1100	0.0046
21.1200	0.0070
21.1300	0.0112
21.1400	0.0153
21.1500	0.0198
21.1600	0.0240
21.1700	0.0241
21.1800	0.0183
21.1900	0.0131
21.2000	0.0132
21.2100	0.0141
21.2200	0.0137
21.2300	0.0155
21.2400	0.0200
21.2500	0.0229
21.2600	0.0238
21.2700	0.0249
21.2800	0.0263
21.2900	0.0283
21.3000	0.0275
21.3100	0.0238
21.3200	0.0207
21.3300	0.0180
21.3400	0.0158
21.3500	0.0153
21.3600	0.0161
21.3700	0.0169
21.3800	0.0188
21.3900	0.0204
21.4000	0.0203
21.4100	0.0182
21.4200	0.0162
21.4300	0.0146
21.4400	0.0120
21.4500	0.0063
21.4600	-0.0008
21.4700	-0.0073
21.4800	-0.0119
21.4900	-0.0142
21.5000	-0.0116
21.5100	-0.0057
21.5200	-0.0026
21.5300	-0.0034
21.5400	-0.0045
21.5500	-0.0082
21.5600	-0.0108
21.5700	-0.0083
21.5800	-0.0034
21.5900	0.0007
21.6000	0.0033
21.6100	0.0050
21.6200	0.0068
21.6300	0.0101
21.6400	0.0152
21.6500	0.0234
21.6600	0.0333
21.6700	0.0370
21.6800	0.0378
21.6900	0.0378
21.7000	0.0359
21.7100	0.0372
21.7200	0.0418
21.7300	0.0475
21.7400	0.0538
21.7500	0.0586
21.7600	0.0600
21.7700	0.0584
21.7800	0.0556
21.7900	0.0527
21.8000	0.0535
21.8100	0.0538
21.8200	0.0500
21.8300	0.0501
21.8400	0.0494
21.8500	0.0483
21.8600	0.0473
21.8700	0.0468
21.8800	0.0464
21.8900	0.0459
21.9000	0.0444
21.9100	0.0414
21.9200	0.0371
21.9300	0.0342
21.9400	0.0288
21.9500	0.0276
21.9600	0.0328
21.9700	0.0372
21.9800	0.0423
21.9900	0.0448
22.0000	0.0442
22.0100	0.0400
22.0200	0.0346
22.0300	0.0315
22.0400	0.0306
22.0500	0.0307
22.0600	0.0304
22.0700	0.0285
22.0800	0.0259
22.0900	0.0230
22.1000	0.0196
22.1100	0.0167
22.1200	0.0156
22.1300	0.0164
22.1400	0.0153
22.1500	0.0135
22.1600	0.0128
22.1700	0.0115
22.1800	0.0113
22.1900	0.0115
22.2000	0.0108
22.2100	0.0120
22.2200	0.0156
22.2300	0.0170
22.2400	0.0167
22.2500	0.0179
22.2600	0.0186
22.2700	0.0221
22.2800	0.0269
22.2900	0.0299
22.3000	0.0340
22.3100	0.0365
22.3200	0.0361
22.3300	0.0366
22.3400	0.0385
22.3500	0.0436
22.3600	0.0485
22.3700	0.0505
22.3800	0.0536
22.3900	0.0579
22.4000	0.0625
22.4100	0.0615
22.4200	0.0600
22.4300	0.0619
22.4400	0.0587
22.4500	0.0525
22.4600	0.0511
22.4700	0.0503
22.4800	0.0468
22.4900	0.0435
22.5000	0.0405
22.5100	0.0377
22.5200	0.0397
22.5300	0.0414
22.5400	0.0413
22.5500	0.0440
22.5600	0.0448
22.5700	0.0439
22.5800	0.0432
22.5900	0.0430
22.6000	0.0446
22.6100	0.0473
22.6200	0.0501
22.6300	0.0513
22.6400	0.0487
22.6500	0.0471
22.6600	0.0454
22.6700	0.0413
22.6800	0.0383
22.6900	0.0399
22.7000	0.0389
22.7100	0.0345
22.7200	0.0330
22.7300	0.0321
22.7400	0.0306
22.7500	0.0289
22.7600	0.0306
22.7700	0.0354
22.7800	0.0387
22.7900	0.0422
22.8000	0.0480
22.8100	0.0522
22.8200	0.0505
22.8300	0.0438
22.8400	0.0403
22.8500	0.0361
22.8600	0.0284
22.8700	0.0189
22.8800	0.0106
22.8900	0.0042
22.9000	-0.0032
22.9100	-0.0102
22.9200	-0.0136
22.9300	-0.0136
22.9400	-0.0134
22.9500	-0.0136
22.9600	-0.0125
22.9700	-0.0126
22.9800	-0.0176
22.9900	-0.0255
23.0000	-0.0333
23.0100	-0.0377
23.0200	-0.0414
23.0300	-0.0435
23.0400	-0.0414
23.0500	-0.0361
23.0600	-0.0347
23.0700	-0.0349
23.0800	-0.0356
23.0900	-0.0395
23.1000	-0.0434
23.1100	-0.0437
23.1200	-0.0445
23.1300	-0.0447
23.1400	-0.0408
23.1500	-0.0339
23.1600	-0.0264
23.1700	-0.0163
23.1800	-0.0077
23.1900	-0.0039
23.2000	-0.0041
23.2100	-0.0079
23.2200	-0.0127
23.2300	-0.0166
23.2400	-0.0179
23.2500	-0.0169
23.2600	-0.0152
23.2700	-0.0137
23.2800	-0.0140
23.2900	-0.0176
23.3000	-0.0182
23.3100	-0.0183
23.3200	-0.0199
23.3300	-0.0232
23.3400	-0.0284
23.3500	-0.0308
23.3600	-0.0309
23.3700	-0.0275
23.3800	-0.0195
23.3900	-0.0116
23.4000	-0.0040
23.4100	0.0023
23.4200	0.0072
23.4300	0.0115
23.4400	0.0137
23.4500	0.0103
23.4600	0.0043
23.4700	-0.0023
23.4800	-0.0111
23.4900	-0.0185
23.5000	-0.0206
23.5100	-0.0191
23.5200	-0.0167
23.5300	-0.0163
23.5400	-0.0176
23.5500	-0.0181
23.5600	-0.0152
23.5700	-0.0116
23.5800	-0.0087
23.5900	-0.0051
23.6000	-0.0029
23.6100	-0.0033
23.6200	-0.0041
23.6300	-0.0018
23.6400	0.0017
23.6500	0.0043
23.6600	0.0044
23.6700	0.0019
23.6800	-0.0006
23.6900	-0.0035
23.7000	-0.0073
23.7100	-0.0106
23.7200	-0.0127
23.7300	-0.0132
23.7400	-0.0140
23.7500	-0.0149
23.7600	-0.0140
23.7700	-0.0156
23.7800	-0.0176
23.7900	-0.0183
23.8000	-0.0198
23.8100	-0.0221
23.8200	-0.0259
23.8300	-0.0279
23.8400	-0.0257
23.8500	-0.0221
23.8600	-0.0172
23.8700	-0.0088
23.8800	0.0003
23.8900	0.0055
23.9000	0.0067
23.9100	0.0054
23.9200	0.0036
23.9300	0.0026
23.9400	0.0040
23.9500	0.0064
23.9600	0.0066
23.9700	0.0025
23.9800	-0.0046
23.9900	-0.0125
24.0000	-0.0194
24.0100	-0.0236
24.0200	-0.0247
24.0300	-0.0242
24.0400	-0.0244
24.0500	-0.0260
24.0600	-0.0277
24.0700	-0.0281
24.0800	-0.0270
24.0900	-0.0234
24.1000	-0.0184
24.1100	-0.0146
24.1200	-0.0139
24.1300	-0.0174
24.1400	-0.0217
24.1500	-0.0264
24.1600	-0.0313
24.1700	-0.0333
24.1800	-0.0347
24.1900	-0.0378
24.2000	-0.0393
24.2100	-0.0396
24.2200	-0.0405
24.2300	-0.0415
24.2400	-0.0415
24.2500	-0.0419
24.2600	-0.0417
24.2700	-0.0396
24.2800	-0.0399
24.2900	-0.0404
24.3000	-0.0405
24.3100	-0.0408
24.3200	-0.0405
24.3300	-0.0398
24.3400	-0.0368
24.3500	-0.0339
24.3600	-0.0338
24.3700	-0.0353
24.3800	-0.0382
24.3900	-0.0418
24.4000	-0.0441
24.4100	-0.0455
24.4200	-0.0438
24.4300	-0.0409
24.4400	-0.0392
24.4500	-0.0387
24.4600	-0.0375
24.4700	-0.0351
24.4800	-0.0318
24.4900	-0.0298
24.5000	-0.0305
24.5100	-0.0296
24.5200	-0.0278
24.5300	-0.0297
24.5400	-0.0314
24.5500	-0.0313
24.5600	-0.0325
24.5700	-0.0350
24.5800	-0.0367
24.5900	-0.0372
24.6000	-0.0358
24.6100	-0.0353
24.6200	-0.0347
24.6300	-0.0318
24.6400	-0.0313
24.6500	-0.0323
24.6600	-0.0329
24.6700	-0.0327
24.6800	-0.0328
24.6900	-0.0303
24.7000	-0.0253
24.7100	-0.0208
24.7200	-0.0168
24.7300	-0.0130
24.7400	-0.0115
24.7500	-0.0100
24.7600	-0.0105
24.7700	-0.0133
24.7800	-0.0138
24.7900	-0.0125
24.8000	-0.0117
24.8100	-0.0085
24.8200	-0.0021
24.8300	0.0035
24.8400	0.0072
24.8500	0.0084
24.8600	0.0060
24.8700	-0.0003
24.8800	-0.0056
24.8900	-0.0075
24.9000	-0.0073
24.9100	-0.0051
24.9200	0.0017
24.9300	0.0071
24.9400	0.0053
24.9500	0.0014
24.9600	-0.0014
24.9700	-0.0056
24.9800	-0.0107
24.9900	-0.0146
25.0000	-0.0122
25.0100	-0.0097
25.0200	-0.0088
25.0300	-0.0045
25.0400	0.0002
25.0500	0.0013
25.0600	0.0016
25.0700	0.0018
25.0800	0.0046
25.0900	0.0072
25.1000	0.0098
25.1100	0.0136
25.1200	0.0164
25.1300	0.0163
25.1400	0.0153
25.1500	0.0146
25.1600	0.0143
25.1700	0.0139
25.1800	0.0123
25.1900	0.0108
25.2000	0.0099
25.2100	0.0057
25.2200	-0.0005
25.2300	-0.0041
25.2400	-0.0046
25.2500	-0.0033
25.2600	0.0005
25.2700	0.0033
25.2800	0.0045
25.2900	0.0038
25.3000	0.0015
25.3100	-0.0035
25.3200	-0.0069
25.3300	-0.0065
25.3400	-0.0070
25.3500	-0.0092
25.3600	-0.0124
25.3700	-0.0149
25.3800	-0.0170
25.3900	-0.0190
25.4000	-0.0201
25.4100	-0.0202
25.4200	-0.0207
25.4300	-0.0229
25.4400	-0.0260
25.4500	-0.0282
25.4600	-0.0293
25.4700	-0.0276
25.4800	-0.0227
25.4900	-0.0190
25.5000	-0.0174
25.5100	-0.0148
25.5200	-0.0126
25.5300	-0.0107
25.5400	-0.0090
25.5500	-0.0059
25.5600	-0.0016
25.5700	0.0031
25.5800	0.0069
25.5900	0.0081
25.6000	0.0090
25.6100	0.0121
25.6200	0.0149
25.6300	0.0163
25.6400	0.0229
25.6500	0.0307
25.6600	0.0364
25.6700	0.0411
25.6800	0.0454
25.6900	0.0486
25.7000	0.0516
25.7100	0.0567
25.7200	0.0630
25.7300	0.0676
25.7400	0.0730
25.7500	0.0789
25.7600	0.0833
25.7700	0.0865
25.7800	0.0880
25.7900	0.0897
25.8000	0.0905
25.8100	0.0875
25.8200	0.0814
25.8300	0.0753
25.8400	0.0694
25.8500	0.0626
25.8600	0.0562
25.8700	0.0527
25.8800	0.0515
25.8900	0.0470
25.9000	0.0411
25.9100	0.0362
25.9200	0.0301
25.9300	0.0227
25.9400	0.0159
25.9500	0.0099
25.9600	0.0047
25.9700	0.0034
25.9800	0.0058
25.9900	0.0089
26.0000	0.0153
26.0100	0.0221
26.0200	0.0265
26.0300	0.0291
26.0400	0.0293
26.0500	0.0268
26.0600	0.0248
26.0700	0.0247
26.0800	0.0254
26.0900	0.0275
26.1000	0.0340
26.1100	0.0413
26.1200	0.0454
26.1300	0.0489
26.1400	0.0519
26.1500	0.0516
26.1600	0.0499
26.1700	0.0495
26.1800	0.0508
26.1900	0.0520
26.2000	0.0525
26.2100	0.0533
26.2200	0.0531
26.2300	0.0519
26.2400	0.0509
26.2500	0.0517
26.2600	0.0524
26.2700	0.0519
26.2800	0.0507
26.2900	0.0484
26.3000	0.0444
26.3100	0.0386
26.3200	0.0335
26.3300	0.0312
26.3400	0.0295
26.3500	0.0299
26.3600	0.0331
26.3700	0.0354
26.3800	0.0336
26.3900	0.0312
26.4000	0.0298
26.4100	0.0287
26.4200	0.0265
26.4300	0.0229
26.4400	0.0184
26.4500	0.0151
26.4600	0.0143
26.4700	0.0135
26.4800	0.0139
26.4900	0.0171
26.5000	0.0191
26.5100	0.0167
26.5200	0.0148
26.5300	0.0147
26.5400	0.0117
26.5500	0.0099
26.5600	0.0107
26.5700	0.0091
26.5800	0.0069
26.5900	0.0056
26.6000	0.0039
26.6100	0.0018
26.6200	-0.0027
26.6300	-0.0068
26.6400	-0.0088
26.6500	-0.0130
26.6600	-0.0183
26.6700	-0.0229
26.6800	-0.0272
26.6900	-0.0297
26.7000	-0.0297
26.7100	-0.0299
26.7200	-0.0281
26.7300	-0.0257
26.7400	-0.0232
26.7500	-0.0219
26.7600	-0.0245
26.7700	-0.0284
26.7800	-0.0298
26.7900	-0.0302
26.8000	-0.0277
26.8100	-0.0223
26.8200	-0.0177
26.8300	-0.0133
26.8400	-0.0110
26.8500	-0.0120
26.8600	-0.0161
26.8700	-0.0217
26.8800	-0.0255
26.8900	-0.0291
26.9000	-0.0323
26.9100	-0.0337
26.9200	-0.0349
26.9300	-0.0355
26.9400	-0.0359
26.9500	-0.0343
26.9600	-0.0305
26.9700	-0.0269
26.9800	-0.0256
26.9900	-0.0274
27.0000	-0.0300
27.0100	-0.0315
27.0200	-0.0313
27.0300	-0.0290
27.0400	-0.0270
27.0500	-0.0276
27.0600	-0.0295
27.0700	-0.0337
27.0800	-0.0367
27.0900	-0.0356
27.1000	-0.0320
27.1100	-0.0292
27.1200	-0.0254
27.1300	-0.0233
27.1400	-0.0248
27.1500	-0.0251
27.1600	-0.0242
27.1700	-0.0229
27.1800	-0.0217
27.1900	-0.0211
27.2000	-0.0221
27.2100	-0.0244
27.2200	-0.0277
27.2300	-0.0321
27.2400	-0.0351
27.2500	-0.0361
27.2600	-0.0368
27.2700	-0.0380
27.2800	-0.0398
27.2900	-0.0409
27.3000	-0.0406
27.3100	-0.0411
27.3200	-0.0408
27.3300	-0.0385
27.3400	-0.0362
27.3500	-0.0329
27.3600	-0.0255
27.3700	-0.0156
27.3800	-0.0077
27.3900	-0.0029
27.4000	0.0009
27.4100	0.0029
27.4200	0.0039
27.4300	0.0055
27.4400	0.0080
27.4500	0.0108
27.4600	0.0118
27.4700	0.0103
27.4800	0.0101
27.4900	0.0128
27.5000	0.0154
27.5100	0.0167
27.5200	0.0164
27.5300	0.0153
27.5400	0.0131
27.5500	0.0080
27.5600	0.0030
27.5700	-0.0002
27.5800	-0.0028
27.5900	-0.0051
27.6000	-0.0058
27.6100	-0.0061
27.6200	-0.0067
27.6300	-0.0094
27.6400	-0.0142
27.6500	-0.0187
27.6600	-0.0210
27.6700	-0.0227
27.6800	-0.0238
27.6900	-0.0254
27.7000	-0.0296
27.7100	-0.0350
27.7200	-0.0394
27.7300	-0.0429
27.7400	-0.0443
27.7500	-0.0429
27.7600	-0.0387
27.7700	-0.0339
27.7800	-0.0282
27.7900	-0.0199
27.8000	-0.0114
27.8100	-0.0058
27.8200	-0.0031
27.8300	-0.0033
27.8400	-0.0047
27.8500	-0.0040
27.8600	-0.0015
27.8700	0.0010
27.8800	0.0045
27.8900	0.0079
27.9000	0.0108
27.9100	0.0134
27.9200	0.0155
27.9300	0.0155
27.9400	0.0125
27.9500	0.0080
27.9600	0.0036
27.9700	0.0008
27.9800	0.0003
27.9900	0.0021
28.0000	0.0052
28.0100	0.0086
28.0200	0.0104
28.0300	0.0093
28.0400	0.0049
28.0500	-0.0002
28.0600	-0.0035
28.0700	-0.0049
28.0800	-0.0060
28.0900	-0.0063
28.1000	-0.0045
28.1100	-0.0019
28.1200	0.0013
28.1300	0.0055
28.1400	0.0094
28.1500	0.0095
28.1600	0.0039
28.1700	-0.0031
28.1800	-0.0094
28.1900	-0.0149
28.2000	-0.0174
28.2100	-0.0169
28.2200	-0.0143
28.2300	-0.0117
28.2400	-0.0092
28.2500	-0.0078
28.2600	-0.0068
28.2700	-0.0043
28.2800	-0.0008
28.2900	0.0029
28.3000	0.0059
28.3100	0.0069
28.3200	0.0061
28.3300	0.0046
28.3400	0.0034
28.3500	0.0030
28.3600	0.0059
28.3700	0.0099
28.3800	0.0120
28.3900	0.0128
28.4000	0.0130
28.4100	0.0106
28.4200	0.0061
28.4300	0.0030
28.4400	0.0016
28.4500	0.0007
28.4600	-0.0001
28.4700	-0.0012
28.4800	-0.0027
28.4900	-0.0021
28.5000	-0.0000
28.5100	0.0022
28.5200	0.0056
28.5300	0.0102
28.5400	0.0153
28.5500	0.0196
28.5600	0.0222
28.5700	0.0242
28.5800	0.0259
28.5900	0.0254
28.6000	0.0256
28.6100	0.0284
28.6200	0.0312
28.6300	0.0341
28.6400	0.0363
28.6500	0.0356
28.6600	0.0343
28.6700	0.0334
28.6800	0.0313
28.6900	0.0299
28.7000	0.0275
28.7100	0.0231
28.7200	0.0197
28.7300	0.0179
28.7400	0.0165
28.7500	0.0155
28.7600	0.0153
28.7700	0.0150
28.7800	0.0149
28.7900	0.0156
28.8000	0.0162
28.8100	0.0146
28.8200	0.0112
28.8300	0.0074
28.8400	0.0048
28.8500	0.0019
28.8600	-0.0011
28.8700	-0.0034
28.8800	-0.0049
28.8900	-0.0055
28.9000	-0.0051
28.9100	-0.0051
28.9200	-0.0057
28.9300	-0.0064
28.9400	-0.0078
28.9500	-0.0081
28.9600	-0.0065
28.9700	-0.0052
28.9800	-0.0052
28.9900	-0.0054
29.0000	-0.0060
29.0100	-0.0055
29.0200	-0.0018
29.0300	0.0020
29.0400	0.0048
29.0500	0.0076
29.0600	0.0097
29.0700	0.0118
29.0800	0.0141
29.0900	0.0149
29.1000	0.0157
29.1100	0.0161
29.1200	0.0159
29.1300	0.0155
29.1400	0.0155
29.1500	0.0157
29.1600	0.0163
29.1700	0.0170
29.1800	0.0177
29.1900	0.0187
29.2000	0.0210
29.2100	0.0226
29.2200	0.0226
29.2300	0.0209
29.2400	0.0188
29.2500	0.0150
29.2600	0.0092
29.2700	0.0017
29.2800	-0.0055
29.2900	-0.0128
29.3000	-0.0191
29.3100	-0.0237
29.3200	-0.0279
29.3300	-0.0322
29.3400	-0.0367
29.3500	-0.0386
29.3600	-0.0403
29.3700	-0.0427
29.3800	-0.0438
29.3900	-0.0431
29.4000	-0.0417
29.4100	-0.0394
29.4200	-0.0369
29.4300	-0.0344
29.4400	-0.0312
29.4500	-0.0296
29.4600	-0.0290
29.4700	-0.0268
29.4800	-0.0244
29.4900	-0.0232
29.5000	-0.0216
29.5100	-0.0191
29.5200	-0.0178
29.5300	-0.0184
29.5400	-0.0191
29.5500	-0.0178
29.5600	-0.0162
29.5700	-0.0170
29.5800	-0.0179
29.5900	-0.0178
29.6000	-0.0177
29.6100	-0.0178
29.6200	-0.0170
29.6300	-0.0157
29.6400	-0.0160
29.6500	-0.0180
29.6600	-0.0219
29.6700	-0.0260
29.6800	-0.0307
29.6900	-0.0351
29.7000	-0.0381
29.7100	-0.0401
29.7200	-0.0416
29.7300	-0.0409
29.7400	-0.0388
29.7500	-0.0368
29.7600	-0.0338
29.7700	-0.0293
29.7800	-0.0270
29.7900	-0.0255
29.8000	-0.0232
29.8100	-0.0216
29.8200	-0.0198
29.8300	-0.0181
29.8400	-0.0163
29.8500	-0.0138
29.8600	-0.0119
29.8700	-0.0115
29.8800	-0.0115
29.8900	-0.0120
29.9000	-0.0142
29.9100	-0.0173
29.9200	-0.0203
29.9300	-0.0225
29.9400	-0.0242
29.9500	-0.0248
29.9600	-0.0250
29.9700	-0.0251
29.9800	-0.0249
29.9900	-0.0253
30.0000	-0.0256
30.0100	-0.0244
30.0200	-0.0224
30.0300	-0.0197
30.0400	-0.0181
30.0500	-0.0175
30.0600	-0.0173
30.0700	-0.0180
30.0800	-0.0197
30.0900	-0.0205
30.1000	-0.0194
30.1100	-0.0196
30.1200	-0.0203
30.1300	-0.0187
30.1400	-0.0174
30.1500	-0.0165
30.1600	-0.0136
30.1700	-0.0096
30.1800	-0.0045
30.1900	0.0014
30.2000	0.0088
30.2100	0.0166
30.2200	0.0229
30.2300	0.0265
30.2400	0.0281
30.2500	0.0292
30.2600	0.0288
30.2700	0.0268
30.2800	0.0251
30.2900	0.0235
30.3000	0.0211
30.3100	0.0192
30.3200	0.0190
30.3300	0.0179
30.3400	0.0157
30.3500	0.0145
30.3600	0.0139
30.3700	0.0135
30.3800	0.0126
30.3900	0.0111
30.4000	0.0099
30.4100	0.0091
30.4200	0.0094
30.4300	0.0104
30.4400	0.0099
30.4500	0.0092
30.4600	0.0086
30.4700	0.0089
30.4800	0.0102
30.4900	0.0117
30.5000	0.0130
30.5100	0.0133
30.5200	0.0125
30.5300	0.0114
30.5400	0.0104
30.5500	0.0095
30.5600	0.0080
30.5700	0.0086
30.5800	0.0112
30.5900	0.0135
30.6000	0.0170
30.6100	0.0220
30.6200	0.0246
30.6300	0.0238
30.6400	0.0220
30.6500	0.0206
30.6600	0.0187
30.6700	0.0167
30.6800	0.0152
30.6900	0.0129
30.7000	0.0121
30.7100	0.0123
30.7200	0.0112
30.7300	0.0099
30.7400	0.0095
30.7500	0.0087
30.7600	0.0059
30.7700	0.0033
30.7800	0.0022
30.7900	0.0014
30.8000	-0.0002
30.8100	-0.0007
30.8200	-0.0001
30.8300	0.0004
30.8400	0.0003
30.8500	-0.0006
30.8600	-0.0006
30.8700	0.0002
30.8800	0.0025
30.8900	0.0055
30.9000	0.0079
30.9100	0.0089
30.9200	0.0087
30.9300	0.0079
30.9400	0.0052
30.9500	0.0012
30.9600	-0.0015
30.9700	-0.0012
30.9800	0.0003
30.9900	0.0026
31.0000	0.0032
31.0100	0.0011
31.0200	-0.0032
31.0300	-0.0059
31.0400	-0.0067
31.0500	-0.0066
31.0600	-0.0055
31.0700	-0.0036
31.0800	-0.0042
31.0900	-0.0084
31.1000	-0.0129
31.1100	-0.0151
31.1200	-0.0149
31.1300	-0.0127
31.1400	-0.0105
31.1500	-0.0091
31.1600	-0.0069
31.1700	-0.0025
31.1800	0.0033
31.1900	0.0101
31.2000	0.0166
31.2100	0.0209
31.2200	0.0241
31.2300	0.0272
31.2400	0.0306
31.2500	0.0335
31.2600	0.0361
31.2700	0.0374
31.2800	0.0380
31.2900	0.0391
31.3000	0.0403
31.3100	0.0414
31.3200	0.0403
31.3300	0.0364
31.3400	0.0299
31.3500	0.0223
31.3600	0.0163
31.3700	0.0141
31.3800	0.0142
31.3900	0.0140
31.4000	0.0131
31.4100	0.0117
31.4200	0.0109
31.4300	0.0119
31.4400	0.0149
31.4500	0.0167
31.4600	0.0153
31.4700	0.0132
31.4800	0.0104
31.4900	0.0074
31.5000	0.0061
31.5100	0.0058
31.5200	0.0057
31.5300	0.0056
31.5400	0.0057
31.5500	0.0061
31.5600	0.0054
31.5700	0.0021
31.5800	-0.0013
31.5900	-0.0037
31.6000	-0.0068
31.6100	-0.0099
31.6200	-0.0108
31.6300	-0.0111
31.6400	-0.0112
31.6500	-0.0107
31.6600	-0.0090
31.6700	-0.0068
31.6800	-0.0045
31.6900	-0.0014
31.7000	0.0020
31.7100	0.0043
31.7200	0.0050
31.7300	0.0056
31.7400	0.0065
31.7500	0.0056
31.7600	0.0036
31.7700	0.0021
31.7800	0.0030
31.7900	0.0057
31.8000	0.0081
31.8100	0.0100
31.8200	0.0116
31.8300	0.0109
31.8400	0.0077
31.8500	0.0032
31.8600	-0.0004
31.8700	-0.0019
31.8800	-0.0015
31.8900	0.0013
31.9000	0.0057
31.9100	0.0094
31.9200	0.0123
31.9300	0.0138
31.9400	0.0142
31.9500	0.0133
31.9600	0.0106
31.9700	0.0057
31.9800	-0.0016
31.9900	-0.0095
32.0000	-0.0157
32.0100	-0.0191
32.0200	-0.0204
32.0300	-0.0202
32.0400	-0.0195
32.0500	-0.0192
32.0600	-0.0195
32.0700	-0.0202
32.0800	-0.0224
32.0900	-0.0257
32.1000	-0.0282
32.1100	-0.0292
32.1200	-0.0286
32.1300	-0.0266
32.1400	-0.0231
32.1500	-0.0193
32.1600	-0.0151
32.1700	-0.0109
32.1800	-0.0057
32.1900	-0.0008
32.2000	0.0021
32.2100	0.0042
32.2200	0.0069
32.2300	0.0100
32.2400	0.0119
32.2500	0.0131
32.2600	0.0140
32.2700	0.0146
32.2800	0.0157
32.2900	0.0167
32.3000	0.0167
32.3100	0.0159
32.3200	0.0148
32.3300	0.0142
32.3400	0.0142
32.3500	0.0143
32.3600	0.0148
32.3700	0.0154
32.3800	0.0156
32.3900	0.0156
32.4000	0.0149
32.4100	0.0127
32.4200	0.0096
32.4300	0.0057
32.4400	0.0021
32.4500	-0.0014
32.4600	-0.0045
32.4700	-0.0068
32.4800	-0.0079
32.4900	-0.0084
32.5000	-0.0083
32.5100	-0.0081
32.5200	-0.0081
32.5300	-0.0086
32.5400	-0.0100
32.5500	-0.0114
32.5600	-0.0118
32.5700	-0.0109
32.5800	-0.0087
32.5900	-0.0051
32.6000	-0.0013
32.6100	0.0008
32.6200	0.0014
32.6300	0.0012
32.6400	0.0010
32.6500	0.0005
32.6600	-0.0007
32.6700	-0.0019
32.6800	-0.0038
32.6900	-0.0069
32.7000	-0.0100
32.7100	-0.0121
32.7200	-0.0137
32.7300	-0.0153
32.7400	-0.0168
32.7500	-0.0184
32.7600	-0.0204
32.7700	-0.0227
32.7800	-0.0247
32.7900	-0.0262
32.8000	-0.0266
32.8100	-0.0256
32.8200	-0.0238
32.8300	-0.0215
32.8400	-0.0181
32.8500	-0.0137
32.8600	-0.0096
32.8700	-0.0064
32.8800	-0.0037
32.8900	-0.0022
32.9000	-0.0015
32.9100	-0.0009
32.9200	-0.0000
32.9300	0.0008
32.9400	0.0011
32.9500	0.0010
32.9600	0.0007
32.9700	0.0005
32.9800	0.0004
32.9900	0.0001
33.0000	-0.0007
33.0100	-0.0020
33.0200	-0.0031
33.0300	-0.0043
33.0400	-0.0049
33.0500	-0.0041
33.0600	-0.0024
33.0700	-0.0010
33.0800	-0.0002
33.0900	-0.0000
33.1000	-0.0007
33.1100	-0.0015
33.1200	-0.0012
33.1300	-0.0008
33.1400	-0.0009
33.1500	-0.0012
33.1600	-0.0015
33.1700	-0.0020
33.1800	-0.0031
33.1900	-0.0043
33.2000	-0.0049
33.2100	-0.0054
33.2200	-0.0063
33.2300	-0.0074
33.2400	-0.0086
33.2500	-0.0097
33.2600	-0.0104
33.2700	-0.0108
33.2800	-0.0106
33.2900	-0.0097
33.3000	-0.0086
33.3100	-0.0081
33.3200	-0.0080
33.3300	-0.0086
33.3400	-0.0094
33.3500	-0.0098
33.3600	-0.0093
33.3700	-0.0083
33.3800	-0.0070
33.3900	-0.0056
33.4000	-0.0042
33.4100	-0.0029
33.4200	-0.0016
33.4300	-0.0009
33.4400	-0.0008
33.4500	-0.0002
33.4600	0.0003
33.4700	0.0008
33.4800	0.0023
33.4900	0.0043
33.5000	0.0057
33.5100	0.0066
33.5200	0.0070
33.5300	0.0064
33.5400	0.0048
33.5500	0.0031
33.5600	0.0019
33.5700	0.0017
33.5800	0.0020
33.5900	0.0024
33.6000	0.0035
33.6100	0.0047
33.6200	0.0057
33.6300	0.0063
33.6400	0.0067
33.6500	0.0068
33.6600	0.0063
33.6700	0.0058
33.6800	0.0057
33.6900	0.0059
33.7000	0.0063
33.7100	0.0069
33.7200	0.0077
33.7300	0.0082
33.7400	0.0083
33.7500	0.0080
33.7600	0.0074
33.7700	0.0067
33.7800	0.0061
33.7900	0.0058
33.8000	0.0060
33.8100	0.0065
33.8200	0.0068
33.8300	0.0072
33.8400	0.0074
33.8500	0.0074
33.8600	0.0073
33.8700	0.0074
33.8800	0.0075
33.8900	0.0075
33.9000	0.0073
33.9100	0.0071
33.9200	0.0069
33.9300	0.0066
33.9400	0.0065
33.9500	0.0065
33.9600	0.0064
33.9700	0.0062
33.9800	0.0060
33.9900	0.0056
34.0000	0.0052
34.0100	0.0051
34.0200	0.0050
34.0300	0.0049
34.0400	0.0049
34.0500	0.0049
34.0600	0.0049
34.0700	0.0049
34.0800	0.0050
34.0900	0.0050
34.1000	0.0050
34.1100	0.0051
34.1200	0.0052
34.1300	0.0053
34.1400	0.0054
34.1500	0.0054
34.1600	0.0054
34.1700	0.0053
34.1800	0.0051
34.1900	0.0049
34.2000	0.0046
34.2100	0.0044
34.2200	0.0042
34.2300	0.0039
34.2400	0.0038
34.2500	0.0036
34.2600	0.0034
34.2700	0.0032
34.2800	0.0030
34.2900	0.0027
34.3000	0.0025
34.3100	0.0024
34.3200	0.0022
34.3300	0.0020
34.3400	0.0018
34.3500	0.0017
34.3600	0.0015
34.3700	0.0014
34.3800	0.0013
34.3900	0.0012
34.4000	0.0011
34.4100	0.0011
34.4200	0.0010
34.4300	0.0009
34.4400	0.0009
34.4500	0.0008
34.4600	0.0007
34.4700	0.0006
34.4800	0.0005
34.4900	0.0004
34.5000	0.0003
34.5100	0.0002
34.5200	0.0001
34.5300	0.0000
34.5400	-0.0001
34.5500	-0.0002
34.5600	-0.0002
34.5700	-0.0003
34.5800	-0.0004
34.5900	-0.0005
34.6000	-0.0006
34.6100	-0.0007
34.6200	-0.0008
34.6300	-0.0009
34.6400	-0.0010
34.6500	-0.0011
34.6600	-0.0012
34.6700	-0.0012
34.6800	-0.0013
34.6900	-0.0014
34.7000	-0.0015
34.7100	-0.0016
34.7200	-0.0016
34.7300	-0.0017
34.7400	-0.0018
34.7500	-0.0018
34.7600	-0.0019
34.7700	-0.0019
34.7800	-0.0020
34.7900	-0.0021
34.8000	-0.0021
34.8100	-0.0022
34.8200	-0.0022
34.8300	-0.0023
34.8400	-0.0023
34.8500	-0.0024
34.8600	-0.0024
34.8700	-0.0024
34.8800	-0.0025
34.8900	-0.0025
34.9000	-0.0026
34.9100	-0.0026
34.9200	-0.0026
34.9300	-0.0027
34.9400	-0.0027
34.9500	-0.0027
34.9600	-0.0027
