The Landers (USA) earthquake of June 28, 1992.
Source: PEER Strong Motion Database
Recording station: 000 SCE STATION 24
Frequency range: 0.08-60.0 Hz
Time[s] Accel[g]
0.0000	0.0000
0.0100	0.0000
0.0200	0.0000
0.0300	0.0000
0.0400	0.0000
0.0500	0.0000
0.0600	0.0000
0.0700	0.0000
0.0800	0.0000
0.0900	0.0000
0.1000	0.0000
0.1100	0.0000
0.1200	0.0000
0.1300	0.0000
0.1400	0.0000
0.1500	0.0000
0.1600	0.0000
0.1700	0.0000
0.1800	0.0000
0.1900	0.0000
0.2000	0.0000
0.2100	0.0000
0.2200	0.0000
0.2300	0.0000
0.2400	0.0000
0.2500	0.0000
0.2600	0.0000
0.2700	-0.0000
0.2800	-0.0000
0.2900	0.0000
0.3000	0.0000
0.3100	0.0000
0.3200	0.0000
0.3300	-0.0000
0.3400	0.0000
0.3500	0.0000
0.3600	-0.0000
0.3700	0.0000
0.3800	0.0000
0.3900	0.0000
0.4000	0.0000
0.4100	0.0000
0.4200	-0.0000
0.4300	-0.0001
0.4400	-0.0001
0.4500	-0.0001
0.4600	-0.0001
0.4700	-0.0000
0.4800	0.0001
0.4900	0.0001
0.5000	0.0001
0.5100	0.0001
0.5200	0.0002
0.5300	0.0002
0.5400	-0.0001
0.5500	-0.0003
0.5600	-0.0001
0.5700	0.0002
0.5800	0.0003
0.5900	0.0001
0.6000	-0.0003
0.6100	-0.0005
0.6200	-0.0005
0.6300	-0.0003
0.6400	0.0001
0.6500	0.0005
0.6600	0.0009
0.6700	0.0010
0.6800	0.0002
0.6900	-0.0002
0.7000	-0.0003
0.7100	-0.0003
0.7200	-0.0004
0.7300	-0.0004
0.7400	-0.0006
0.7500	-0.0002
0.7600	0.0002
0.7700	-0.0003
0.7800	-0.0004
0.7900	-0.0003
0.8000	-0.0003
0.8100	-0.0004
0.8200	-0.0004
0.8300	-0.0009
0.8400	-0.0006
0.8500	0.0012
0.8600	0.0018
0.8700	0.0015
0.8800	0.0015
0.8900	0.0002
0.9000	-0.0003
0.9100	0.0007
0.9200	0.0006
0.9300	0.0007
0.9400	0.0017
0.9500	0.0009
0.9600	0.0008
0.9700	-0.0005
0.9800	-0.0038
0.9900	-0.0031
1.0000	-0.0007
1.0100	0.0019
1.0200	0.0049
1.0300	0.0013
1.0400	-0.0036
1.0500	-0.0048
1.0600	-0.0036
1.0700	-0.0019
1.0800	0.0011
1.0900	0.0037
1.1000	0.0033
1.1100	0.0018
1.1200	-0.0019
1.1300	-0.0049
1.1400	-0.0037
1.1500	-0.0019
1.1600	0.0025
1.1700	-0.0001
1.1800	0.0008
1.1900	-0.0001
1.2000	-0.0030
1.2100	-0.0024
1.2200	0.0011
1.2300	0.0048
1.2400	0.0040
1.2500	-0.0004
1.2600	-0.0055
1.2700	-0.0045
1.2800	-0.0014
1.2900	0.0011
1.3000	0.0036
1.3100	0.0059
1.3200	0.0080
1.3300	0.0051
1.3400	0.0013
1.3500	-0.0041
1.3600	-0.0073
1.3700	-0.0067
1.3800	-0.0025
1.3900	0.0027
1.4000	0.0044
1.4100	0.0049
1.4200	0.0061
1.4300	0.0099
1.4400	-0.0006
1.4500	-0.0071
1.4600	-0.0055
1.4700	-0.0034
1.4800	-0.0028
1.4900	-0.0024
1.5000	-0.0042
1.5100	-0.0019
1.5200	-0.0004
1.5300	0.0031
1.5400	0.0040
1.5500	0.0037
1.5600	0.0070
1.5700	0.0070
1.5800	0.0103
1.5900	-0.0045
1.6000	-0.0099
1.6100	-0.0094
1.6200	-0.0027
1.6300	0.0130
1.6400	0.0074
1.6500	-0.0006
1.6600	-0.0066
1.6700	-0.0067
1.6800	0.0059
1.6900	0.0069
1.7000	0.0025
1.7100	0.0132
1.7200	0.0119
1.7300	0.0012
1.7400	0.0017
1.7500	-0.0051
1.7600	-0.0098
1.7700	-0.0099
1.7800	-0.0139
1.7900	0.0017
1.8000	0.0168
1.8100	0.0048
1.8200	-0.0039
1.8300	0.0122
1.8400	0.0270
1.8500	0.0154
1.8600	-0.0067
1.8700	-0.0266
1.8800	-0.0230
1.8900	-0.0238
1.9000	-0.0180
1.9100	-0.0143
1.9200	-0.0067
1.9300	0.0208
1.9400	0.0356
1.9500	0.0145
1.9600	-0.0181
1.9700	-0.0311
1.9800	-0.0269
1.9900	-0.0002
2.0000	0.0165
2.0100	0.0190
2.0200	0.0148
2.0300	-0.0003
2.0400	-0.0023
2.0500	-0.0099
2.0600	-0.0340
2.0700	-0.0145
2.0800	-0.0019
2.0900	0.0004
2.1000	0.0302
2.1100	0.0355
2.1200	0.0089
2.1300	0.0062
2.1400	-0.0299
2.1500	-0.0388
2.1600	-0.0243
2.1700	0.0170
2.1800	0.0586
2.1900	0.0849
2.2000	0.0552
2.2100	-0.0250
2.2200	-0.1037
2.2300	-0.1497
2.2400	-0.1002
2.2500	0.0106
2.2600	0.1121
2.2700	0.1431
2.2800	0.1045
2.2900	0.0138
2.3000	-0.0869
2.3100	-0.1340
2.3200	-0.1328
2.3300	-0.0690
2.3400	0.0371
2.3500	0.0906
2.3600	0.1073
2.3700	0.0746
2.3800	0.0316
2.3900	-0.0213
2.4000	-0.0821
2.4100	-0.0897
2.4200	-0.0365
2.4300	0.0360
2.4400	0.0746
2.4500	0.0751
2.4600	0.0340
2.4700	-0.0533
2.4800	-0.1183
2.4900	-0.0725
2.5000	-0.0045
2.5100	0.0456
2.5200	0.0756
2.5300	0.0744
2.5400	0.0709
2.5500	0.0155
2.5600	-0.0430
2.5700	-0.0674
2.5800	-0.0563
2.5900	-0.0277
2.6000	0.0241
2.6100	0.0705
2.6200	0.0525
2.6300	-0.0051
2.6400	-0.0523
2.6500	-0.0413
2.6600	-0.0118
2.6700	0.0127
2.6800	0.0452
2.6900	0.0594
2.7000	0.0453
2.7100	0.0457
2.7200	0.0021
2.7300	-0.0445
2.7400	-0.0198
2.7500	0.0277
2.7600	0.0097
2.7700	-0.0314
2.7800	-0.0555
2.7900	-0.0866
2.8000	-0.0953
2.8100	-0.0361
2.8200	0.0271
2.8300	0.0909
2.8400	0.1160
2.8500	0.0817
2.8600	0.0103
2.8700	-0.0416
2.8800	-0.0652
2.8900	-0.0768
2.9000	-0.0391
2.9100	0.0198
2.9200	0.0556
2.9300	0.0561
2.9400	0.0001
2.9500	-0.0605
2.9600	-0.0953
2.9700	-0.0439
2.9800	0.0424
2.9900	0.0810
3.0000	0.0903
3.0100	0.0421
3.0200	-0.0521
3.0300	-0.0773
3.0400	-0.0483
3.0500	0.0140
3.0600	0.0753
3.0700	0.0716
3.0800	0.0395
3.0900	-0.0161
3.1000	-0.0290
3.1100	-0.0313
3.1200	-0.0392
3.1300	-0.0019
3.1400	0.0307
3.1500	0.0355
3.1600	0.0301
3.1700	-0.0262
3.1800	-0.0607
3.1900	-0.0675
3.2000	-0.0561
3.2100	-0.0169
3.2200	0.0106
3.2300	0.0531
3.2400	0.0838
3.2500	0.0658
3.2600	0.0039
3.2700	-0.0188
3.2800	-0.0656
3.2900	-0.0551
3.3000	0.0074
3.3100	0.0390
3.3200	0.0561
3.3300	0.0517
3.3400	0.0105
3.3500	-0.0574
3.3600	-0.0913
3.3700	-0.0642
3.3800	-0.0130
3.3900	0.0400
3.4000	0.0869
3.4100	0.1066
3.4200	0.0648
3.4300	-0.0141
3.4400	-0.0639
3.4500	-0.0839
3.4600	-0.1006
3.4700	-0.0394
3.4800	0.0323
3.4900	0.0530
3.5000	0.0418
3.5100	0.0143
3.5200	-0.0339
3.5300	-0.0484
3.5400	-0.0684
3.5500	-0.0470
3.5600	0.0324
3.5700	0.0785
3.5800	0.0577
3.5900	0.0025
3.6000	-0.0518
3.6100	-0.0720
3.6200	-0.0484
3.6300	-0.0287
3.6400	0.0029
3.6500	0.0431
3.6600	0.0878
3.6700	0.0723
3.6800	0.0273
3.6900	-0.0188
3.7000	-0.0590
3.7100	-0.0480
3.7200	-0.0022
3.7300	-0.0124
3.7400	0.0084
3.7500	0.0365
3.7600	0.0015
3.7700	-0.0327
3.7800	-0.0154
3.7900	-0.0071
3.8000	0.0216
3.8100	0.0298
3.8200	-0.0143
3.8300	-0.0052
3.8400	-0.0006
3.8500	0.0258
3.8600	0.0440
3.8700	0.0499
3.8800	0.0335
3.8900	0.0235
3.9000	0.0097
3.9100	-0.0203
3.9200	-0.0203
3.9300	-0.0009
3.9400	0.0116
3.9500	0.0034
3.9600	-0.0337
3.9700	-0.0313
3.9800	-0.0013
3.9900	0.0100
4.0000	0.0084
4.0100	0.0104
4.0200	-0.0081
4.0300	-0.0098
4.0400	-0.0050
4.0500	-0.0101
4.0600	-0.0094
4.0700	-0.0108
4.0800	-0.0250
4.0900	-0.0235
4.1000	-0.0024
4.1100	0.0428
4.1200	0.0608
4.1300	0.0211
4.1400	-0.0405
4.1500	-0.0437
4.1600	-0.0144
4.1700	-0.0262
4.1800	0.0021
4.1900	0.0584
4.2000	0.0554
4.2100	0.0328
4.2200	-0.0044
4.2300	-0.0515
4.2400	-0.0494
4.2500	-0.0103
4.2600	0.0069
4.2700	0.0469
4.2800	0.0545
4.2900	0.0337
4.3000	0.0063
4.3100	-0.0172
4.3200	-0.0459
4.3300	-0.0446
4.3400	-0.0277
4.3500	-0.0438
4.3600	0.0010
4.3700	0.0474
4.3800	0.0169
4.3900	-0.0019
4.4000	-0.0121
4.4100	-0.0263
4.4200	-0.0254
4.4300	0.0181
4.4400	0.0034
4.4500	0.0382
4.4600	0.0259
4.4700	0.0027
4.4800	0.0090
4.4900	-0.0231
4.5000	-0.0689
4.5100	-0.0418
4.5200	0.0126
4.5300	0.0100
4.5400	0.0480
4.5500	0.0609
4.5600	0.0116
4.5700	-0.0163
4.5800	-0.0370
4.5900	-0.0567
4.6000	0.0187
4.6100	0.0713
4.6200	0.0640
4.6300	0.0596
4.6400	0.0673
4.6500	-0.0021
4.6600	-0.0799
4.6700	-0.0926
4.6800	-0.0870
4.6900	-0.0217
4.7000	0.0309
4.7100	0.0680
4.7200	0.0799
4.7300	0.0570
4.7400	-0.0183
4.7500	-0.1017
4.7600	-0.1406
4.7700	-0.1105
4.7800	-0.0752
4.7900	-0.0179
4.8000	0.0574
4.8100	0.0881
4.8200	0.0459
4.8300	0.0002
4.8400	-0.0442
4.8500	-0.0317
4.8600	-0.0095
4.8700	0.0022
4.8800	0.0405
4.8900	0.0675
4.9000	-0.0008
4.9100	-0.0023
4.9200	-0.0189
4.9300	-0.0390
4.9400	-0.0065
4.9500	0.0128
4.9600	0.0200
4.9700	0.0018
4.9800	-0.0245
4.9900	-0.0141
5.0000	0.0423
5.0100	0.0548
5.0200	0.0355
5.0300	0.0267
5.0400	0.0156
5.0500	-0.0225
5.0600	-0.0284
5.0700	-0.0065
5.0800	0.0037
5.0900	-0.0222
5.1000	-0.0166
5.1100	-0.0032
5.1200	0.0005
5.1300	-0.0096
5.1400	-0.0118
5.1500	-0.0004
5.1600	0.0370
5.1700	0.0413
5.1800	0.0372
5.1900	-0.0149
5.2000	-0.0322
5.2100	-0.0277
5.2200	-0.0267
5.2300	-0.0196
5.2400	-0.0336
5.2500	-0.0428
5.2600	-0.0175
5.2700	0.0270
5.2800	0.0578
5.2900	0.0324
5.3000	-0.0069
5.3100	-0.0168
5.3200	-0.0695
5.3300	-0.0940
5.3400	-0.0470
5.3500	0.0096
5.3600	0.0522
5.3700	0.0576
5.3800	0.0314
5.3900	-0.0031
5.4000	-0.0456
5.4100	-0.0514
5.4200	-0.0103
5.4300	0.0722
5.4400	0.0953
5.4500	0.0915
5.4600	0.0364
5.4700	-0.0056
5.4800	-0.0713
5.4900	-0.1102
5.5000	-0.0616
5.5100	0.0182
5.5200	0.0345
5.5300	0.0500
5.5400	0.0152
5.5500	-0.0112
5.5600	-0.0131
5.5700	0.0074
5.5800	0.0302
5.5900	0.0252
5.6000	0.0437
5.6100	0.0437
5.6200	-0.0083
5.6300	-0.0723
5.6400	-0.0811
5.6500	-0.1045
5.6600	-0.0827
5.6700	-0.0371
5.6800	0.0091
5.6900	0.0448
5.7000	0.0790
5.7100	0.0760
5.7200	0.0392
5.7300	-0.0189
5.7400	-0.0688
5.7500	-0.0489
5.7600	-0.0278
5.7700	0.0262
5.7800	0.0657
5.7900	0.0194
5.8000	-0.0693
5.8100	-0.0869
5.8200	-0.0727
5.8300	-0.0096
5.8400	0.0956
5.8500	0.1517
5.8600	0.1720
5.8700	0.0752
5.8800	0.0211
5.8900	-0.0541
5.9000	-0.1305
5.9100	-0.1090
5.9200	-0.0378
5.9300	0.0675
5.9400	0.0683
5.9500	0.0306
5.9600	-0.0254
5.9700	-0.0273
5.9800	-0.0461
5.9900	-0.0285
6.0000	-0.0276
6.0100	0.0171
6.0200	0.0863
6.0300	0.0872
6.0400	0.0370
6.0500	-0.0538
6.0600	-0.0664
6.0700	-0.0665
6.0800	-0.0467
6.0900	0.0867
6.1000	0.1320
6.1100	0.1565
6.1200	0.1169
6.1300	0.0680
6.1400	0.0122
6.1500	-0.0748
6.1600	-0.0939
6.1700	-0.0432
6.1800	0.0355
6.1900	0.0491
6.2000	0.0601
6.2100	-0.0303
6.2200	-0.1097
6.2300	-0.1127
6.2400	-0.0554
6.2500	-0.0484
6.2600	-0.0319
6.2700	-0.0008
6.2800	-0.0282
6.2900	-0.0230
6.3000	0.1176
6.3100	0.1183
6.3200	0.0804
6.3300	0.0187
6.3400	-0.0105
6.3500	-0.0509
6.3600	0.0721
6.3700	0.0738
6.3800	0.0687
6.3900	0.0219
6.4000	0.0360
6.4100	-0.0121
6.4200	-0.0352
6.4300	0.0359
6.4400	0.0580
6.4500	0.0142
6.4600	-0.0130
6.4700	0.0251
6.4800	0.0176
6.4900	-0.0508
6.5000	-0.1035
6.5100	-0.0108
6.5200	0.0227
6.5300	0.0260
6.5400	0.1022
6.5500	0.0669
6.5600	-0.0100
6.5700	-0.0505
6.5800	-0.0413
6.5900	-0.0569
6.6000	-0.0093
6.6100	0.0684
6.6200	0.1257
6.6300	0.0274
6.6400	-0.0939
6.6500	-0.0978
6.6600	-0.1756
6.6700	-0.1463
6.6800	-0.0125
6.6900	0.0481
6.7000	0.0788
6.7100	0.0931
6.7200	0.0237
6.7300	-0.0223
6.7400	0.1029
6.7500	0.1635
6.7600	0.1389
6.7700	0.0756
6.7800	0.0953
6.7900	0.0343
6.8000	-0.0564
6.8100	-0.0594
6.8200	-0.0213
6.8300	0.0361
6.8400	-0.0019
6.8500	-0.0333
6.8600	-0.0366
6.8700	-0.1068
6.8800	-0.1077
6.8900	-0.0179
6.9000	0.0318
6.9100	0.0751
6.9200	0.0543
6.9300	0.0484
6.9400	0.0400
6.9500	-0.0128
6.9600	-0.0201
6.9700	-0.0443
6.9800	-0.0044
6.9900	-0.0484
7.0000	-0.0104
7.0100	0.0635
7.0200	0.0583
7.0300	0.0701
7.0400	0.0304
7.0500	-0.0028
7.0600	-0.0431
7.0700	-0.0575
7.0800	0.0526
7.0900	0.0691
7.1000	-0.0222
7.1100	-0.0790
7.1200	-0.0886
7.1300	-0.0893
7.1400	-0.1315
7.1500	-0.1351
7.1600	-0.1222
7.1700	-0.0119
7.1800	0.0417
7.1900	0.0911
7.2000	0.0891
7.2100	0.0675
7.2200	0.0477
7.2300	-0.0045
7.2400	0.0042
7.2500	-0.0410
7.2600	-0.0129
7.2700	0.0059
7.2800	0.0125
7.2900	0.0582
7.3000	0.1014
7.3100	0.1655
7.3200	0.1621
7.3300	0.1913
7.3400	0.0832
7.3500	-0.0082
7.3600	-0.1298
7.3700	-0.1706
7.3800	-0.1587
7.3900	-0.0969
7.4000	-0.0760
7.4100	-0.1073
7.4200	-0.0827
7.4300	-0.0508
7.4400	0.0005
7.4500	-0.0637
7.4600	0.0642
7.4700	0.1298
7.4800	0.1611
7.4900	0.1187
7.5000	0.1294
7.5100	0.0736
7.5200	0.0024
7.5300	-0.0565
7.5400	-0.0475
7.5500	-0.0459
7.5600	-0.0210
7.5700	0.0520
7.5800	-0.0329
7.5900	-0.0312
7.6000	0.0508
7.6100	-0.0106
7.6200	-0.0503
7.6300	-0.1124
7.6400	-0.0826
7.6500	-0.0624
7.6600	0.0195
7.6700	0.0875
7.6800	0.1197
7.6900	0.1333
7.7000	0.1152
7.7100	0.0448
7.7200	-0.0524
7.7300	-0.0863
7.7400	-0.1065
7.7500	-0.0824
7.7600	-0.0271
7.7700	0.0482
7.7800	0.0074
7.7900	-0.0676
7.8000	-0.0789
7.8100	-0.0431
7.8200	0.0136
7.8300	0.0567
7.8400	0.1046
7.8500	0.0829
7.8600	0.0278
7.8700	0.0011
7.8800	-0.0693
7.8900	-0.0300
7.9000	-0.0640
7.9100	-0.0743
7.9200	-0.0865
7.9300	-0.0080
7.9400	0.0816
7.9500	0.0854
7.9600	0.0290
7.9700	0.0260
7.9800	0.0357
7.9900	0.0262
8.0000	-0.0208
8.0100	0.0102
8.0200	0.0120
8.0300	0.0136
8.0400	0.0175
8.0500	-0.0819
8.0600	-0.0343
8.0700	-0.0160
8.0800	-0.0348
8.0900	0.0246
8.1000	-0.0156
8.1100	0.0390
8.1200	0.0283
8.1300	0.0131
8.1400	-0.0554
8.1500	-0.0758
8.1600	0.0000
8.1700	0.0270
8.1800	-0.0217
8.1900	-0.0813
8.2000	-0.1478
8.2100	-0.1411
8.2200	-0.0338
8.2300	0.0447
8.2400	0.0043
8.2500	-0.0634
8.2600	-0.0328
8.2700	0.0687
8.2800	0.0089
8.2900	0.0144
8.3000	-0.0018
8.3100	0.0081
8.3200	0.0064
8.3300	-0.0114
8.3400	-0.1403
8.3500	-0.1343
8.3600	-0.1375
8.3700	-0.0554
8.3800	-0.0190
8.3900	-0.0150
8.4000	0.0164
8.4100	0.0654
8.4200	-0.0241
8.4300	-0.0827
8.4400	-0.1218
8.4500	-0.1124
8.4600	-0.1563
8.4700	-0.1629
8.4800	-0.0701
8.4900	-0.0569
8.5000	-0.0838
8.5100	-0.1045
8.5200	-0.0569
8.5300	0.0330
8.5400	0.0045
8.5500	-0.0927
8.5600	-0.1083
8.5700	-0.0146
8.5800	0.0064
8.5900	0.1082
8.6000	0.0678
8.6100	0.0250
8.6200	-0.0300
8.6300	-0.1069
8.6400	-0.0745
8.6500	-0.0276
8.6600	0.0756
8.6700	0.2081
8.6800	-0.0018
8.6900	-0.1186
8.7000	-0.0658
8.7100	-0.0943
8.7200	-0.0627
8.7300	-0.1153
8.7400	-0.0178
8.7500	0.0913
8.7600	0.0834
8.7700	-0.0477
8.7800	-0.0716
8.7900	-0.1396
8.8000	-0.0472
8.8100	0.0701
8.8200	0.0688
8.8300	0.1583
8.8400	0.1513
8.8500	-0.0053
8.8600	0.0477
8.8700	-0.0424
8.8800	-0.0237
8.8900	0.0210
8.9000	-0.0110
8.9100	0.1007
8.9200	-0.0411
8.9300	-0.1098
8.9400	-0.2235
8.9500	-0.3355
8.9600	-0.0638
8.9700	-0.0323
8.9800	0.0800
8.9900	-0.0299
9.0000	-0.1326
9.0100	-0.0306
9.0200	-0.0866
9.0300	0.0547
9.0400	0.0803
9.0500	-0.0744
9.0600	0.0155
9.0700	-0.0488
9.0800	-0.0679
9.0900	-0.1309
9.1000	-0.2120
9.1100	-0.2602
9.1200	0.0524
9.1300	0.3420
9.1400	0.2058
9.1500	0.0695
9.1600	0.0089
9.1700	-0.0573
9.1800	0.0776
9.1900	-0.0767
9.2000	-0.0717
9.2100	-0.0646
9.2200	-0.2727
9.2300	-0.0837
9.2400	0.1532
9.2500	0.1074
9.2600	0.2874
9.2700	0.5161
9.2800	0.2767
9.2900	-0.0536
9.3000	-0.0661
9.3100	-0.2538
9.3200	-0.0975
9.3300	-0.1287
9.3400	-0.1654
9.3500	0.1226
9.3600	0.1831
9.3700	0.0775
9.3800	-0.0283
9.3900	-0.3439
9.4000	-0.2004
9.4100	0.1277
9.4200	0.0183
9.4300	0.1226
9.4400	0.1781
9.4500	-0.0075
9.4600	-0.0339
9.4700	0.1880
9.4800	0.1035
9.4900	-0.0814
9.5000	-0.0934
9.5100	-0.1244
9.5200	-0.1352
9.5300	-0.0470
9.5400	0.0204
9.5500	0.0180
9.5600	0.0439
9.5700	-0.2240
9.5800	-0.1937
9.5900	0.0411
9.6000	-0.0045
9.6100	-0.0795
9.6200	-0.0097
9.6300	0.0122
9.6400	0.0339
9.6500	0.1517
9.6600	0.1035
9.6700	0.0592
9.6800	0.1383
9.6900	0.1590
9.7000	-0.0087
9.7100	-0.0669
9.7200	-0.1128
9.7300	-0.1844
9.7400	-0.1137
9.7500	0.1264
9.7600	0.2554
9.7700	0.1184
9.7800	-0.0479
9.7900	-0.1547
9.8000	0.1610
9.8100	0.2873
9.8200	0.0063
9.8300	-0.0545
9.8400	-0.0604
9.8500	0.1232
9.8600	0.2733
9.8700	0.2562
9.8800	0.2067
9.8900	0.2432
9.9000	0.1464
9.9100	0.1018
9.9200	0.1275
9.9300	0.1710
9.9400	0.1575
9.9500	0.1664
9.9600	-0.0712
9.9700	-0.1714
9.9800	-0.2213
9.9900	-0.2722
10.0000	-0.3070
10.0100	-0.2109
10.0200	-0.1975
10.0300	-0.1889
10.0400	-0.0303
10.0500	0.1776
10.0600	0.2756
10.0700	0.3212
10.0800	0.2558
10.0900	-0.0654
10.1000	-0.2444
10.1100	-0.2746
10.1200	-0.0972
10.1300	0.1864
10.1400	0.3469
10.1500	0.5130
10.1600	0.6418
10.1700	0.4694
10.1800	0.1567
10.1900	0.2251
10.2000	0.2260
10.2100	0.2450
10.2200	0.1051
10.2300	-0.0272
10.2400	0.0793
10.2500	0.0035
10.2600	-0.1221
10.2700	-0.1922
10.2800	-0.3498
10.2900	-0.1468
10.3000	-0.1854
10.3100	-0.2803
10.3200	0.0446
10.3300	0.1146
10.3400	0.1953
10.3500	0.2272
10.3600	0.2799
10.3700	0.2512
10.3800	0.0532
10.3900	-0.2081
10.4000	-0.2005
10.4100	-0.0687
10.4200	0.0493
10.4300	0.2062
10.4400	0.0847
10.4500	-0.1305
10.4600	-0.1925
10.4700	-0.0809
10.4800	0.1529
10.4900	0.2593
10.5000	0.2879
10.5100	0.2358
10.5200	0.0649
10.5300	-0.1627
10.5400	-0.1625
10.5500	-0.1799
10.5600	-0.1503
10.5700	-0.0773
10.5800	0.0709
10.5900	-0.0431
10.6000	-0.1467
10.6100	-0.0662
10.6200	-0.0388
10.6300	-0.1088
10.6400	-0.1277
10.6500	-0.1089
10.6600	-0.0533
10.6700	-0.1635
10.6800	-0.1503
10.6900	-0.1412
10.7000	-0.0227
10.7100	-0.1103
10.7200	-0.2273
10.7300	-0.3359
10.7400	-0.3640
10.7500	-0.2058
10.7600	-0.1184
10.7700	-0.0645
10.7800	0.0109
10.7900	0.2004
10.8000	0.3243
10.8100	0.2290
10.8200	-0.0138
10.8300	-0.2186
10.8400	-0.1566
10.8500	-0.0711
10.8600	0.0107
10.8700	0.1073
10.8800	0.1508
10.8900	0.1589
10.9000	0.1211
10.9100	-0.0255
10.9200	0.1052
10.9300	0.3406
10.9400	0.2711
10.9500	0.1871
10.9600	0.0055
10.9700	-0.0314
10.9800	-0.1194
10.9900	-0.3742
11.0000	-0.1307
11.0100	0.1900
11.0200	0.3918
11.0300	0.3408
11.0400	0.1277
11.0500	0.1594
11.0600	0.1051
11.0700	0.1239
11.0800	0.1103
11.0900	0.2572
11.1000	0.3638
11.1100	0.3556
11.1200	0.2513
11.1300	0.1946
11.1400	-0.1060
11.1500	-0.3556
11.1600	-0.5439
11.1700	-0.6994
11.1800	-0.5085
11.1900	-0.2676
11.2000	0.1093
11.2100	0.4102
11.2200	0.1232
11.2300	-0.0740
11.2400	0.0074
11.2500	0.2076
11.2600	0.2819
11.2700	0.2026
11.2800	0.0662
11.2900	0.1188
11.3000	0.1997
11.3100	0.0516
11.3200	-0.0079
11.3300	-0.0516
11.3400	0.0136
11.3500	0.0123
11.3600	0.0358
11.3700	0.0061
11.3800	-0.1169
11.3900	-0.1934
11.4000	-0.3039
11.4100	-0.3682
11.4200	-0.3267
11.4300	-0.3129
11.4400	-0.1645
11.4500	0.2686
11.4600	0.5152
11.4700	0.0869
11.4800	-0.1186
11.4900	-0.1681
11.5000	-0.1565
11.5100	0.1182
11.5200	0.2138
11.5300	0.0838
11.5400	0.0832
11.5500	0.2491
11.5600	0.0339
11.5700	-0.1366
11.5800	-0.1224
11.5900	-0.1670
11.6000	-0.2545
11.6100	-0.3894
11.6200	-0.1085
11.6300	0.2768
11.6400	0.0335
11.6500	-0.1380
11.6600	0.0389
11.6700	0.1949
11.6800	0.1892
11.6900	-0.0143
11.7000	-0.0779
11.7100	0.0644
11.7200	0.0840
11.7300	-0.0948
11.7400	-0.3275
11.7500	-0.2442
11.7600	-0.1731
11.7700	-0.1810
11.7800	0.1028
11.7900	0.2099
11.8000	0.0919
11.8100	-0.0629
11.8200	0.0243
11.8300	-0.0550
11.8400	-0.3229
11.8500	-0.2679
11.8600	0.0704
11.8700	0.0922
11.8800	-0.0466
11.8900	-0.0394
11.9000	0.0497
11.9100	0.0207
11.9200	-0.1320
11.9300	-0.4159
11.9400	-0.2925
11.9500	-0.0193
11.9600	0.2145
11.9700	0.2505
11.9800	0.2893
11.9900	0.2494
12.0000	0.0498
12.0100	-0.1739
12.0200	-0.2982
12.0300	-0.3444
12.0400	-0.2968
12.0500	-0.2278
12.0600	-0.1244
12.0700	-0.1141
12.0800	-0.0781
12.0900	-0.1176
12.1000	-0.1070
12.1100	0.0427
12.1200	0.1651
12.1300	0.0581
12.1400	-0.1111
12.1500	-0.1870
12.1600	-0.0433
12.1700	0.1410
12.1800	0.1997
12.1900	0.1169
12.2000	0.0416
12.2100	-0.0297
12.2200	-0.1142
12.2300	0.1050
12.2400	0.0956
12.2500	0.0515
12.2600	0.0329
12.2700	-0.0803
12.2800	-0.1505
12.2900	-0.1680
12.3000	-0.0060
12.3100	0.0529
12.3200	0.0039
12.3300	0.2406
12.3400	0.3035
12.3500	0.0455
12.3600	0.0704
12.3700	0.0342
12.3800	0.2346
12.3900	0.2730
12.4000	0.1992
12.4100	0.0231
12.4200	-0.0483
12.4300	-0.0467
12.4400	-0.1006
12.4500	-0.1299
12.4600	-0.1898
12.4700	-0.0921
12.4800	-0.0723
12.4900	0.0093
12.5000	0.0945
12.5100	0.0716
12.5200	0.0797
12.5300	0.0611
12.5400	-0.1467
12.5500	-0.1011
12.5600	-0.0140
12.5700	-0.1107
12.5800	-0.0381
12.5900	-0.0223
12.6000	-0.0699
12.6100	-0.0198
12.6200	0.0133
12.6300	0.0649
12.6400	0.0781
12.6500	-0.0598
12.6600	0.0083
12.6700	0.0905
12.6800	0.1610
12.6900	0.0352
12.7000	-0.1529
12.7100	-0.1397
12.7200	-0.2783
12.7300	-0.0551
12.7400	0.0464
12.7500	0.1265
12.7600	0.1303
12.7700	0.0868
12.7800	0.1025
12.7900	-0.0654
12.8000	-0.0436
12.8100	0.0659
12.8200	0.1313
12.8300	0.0462
12.8400	0.1039
12.8500	-0.0677
12.8600	0.0766
12.8700	0.1831
12.8800	-0.0657
12.8900	-0.3643
12.9000	-0.3747
12.9100	-0.1909
12.9200	0.0543
12.9300	0.2181
12.9400	0.2685
12.9500	0.2366
12.9600	0.2839
12.9700	-0.0263
12.9800	-0.0997
12.9900	-0.0853
13.0000	-0.2108
13.0100	-0.2101
13.0200	-0.1046
13.0300	-0.0375
13.0400	0.0443
13.0500	-0.1325
13.0600	-0.1353
13.0700	-0.2408
13.0800	-0.1377
13.0900	-0.0318
13.1000	-0.0082
13.1100	0.1066
13.1200	0.1723
13.1300	0.1298
13.1400	0.0709
13.1500	0.2553
13.1600	0.0312
13.1700	-0.2011
13.1800	0.0667
13.1900	0.1371
13.2000	0.2016
13.2100	0.2390
13.2200	-0.0004
13.2300	0.0023
13.2400	0.0413
13.2500	0.1319
13.2600	-0.0432
13.2700	-0.0843
13.2800	0.0716
13.2900	0.0549
13.3000	0.1916
13.3100	0.1383
13.3200	0.2103
13.3300	0.0933
13.3400	-0.0623
13.3500	-0.0345
13.3600	0.0201
13.3700	-0.0808
13.3800	-0.1286
13.3900	-0.1021
13.4000	0.2246
13.4100	0.3618
13.4200	0.2275
13.4300	0.4475
13.4400	0.3026
13.4500	0.1044
13.4600	-0.1869
13.4700	-0.2263
13.4800	-0.0730
13.4900	-0.0614
13.5000	-0.0053
13.5100	-0.2045
13.5200	-0.1583
13.5300	-0.0343
13.5400	-0.0368
13.5500	0.1027
13.5600	0.0081
13.5700	0.0108
13.5800	-0.0954
13.5900	-0.2667
13.6000	-0.1330
13.6100	-0.0273
13.6200	-0.1713
13.6300	-0.3065
13.6400	-0.3978
13.6500	-0.3085
13.6600	-0.0349
13.6700	0.0126
13.6800	-0.1478
13.6900	-0.1232
13.7000	-0.1781
13.7100	0.0089
13.7200	0.3457
13.7300	0.4144
13.7400	0.1378
13.7500	-0.2503
13.7600	0.0012
13.7700	0.1663
13.7800	-0.1904
13.7900	-0.2631
13.8000	-0.1103
13.8100	-0.1642
13.8200	-0.0409
13.8300	0.2457
13.8400	0.1131
13.8500	-0.2093
13.8600	-0.0408
13.8700	0.0869
13.8800	-0.0935
13.8900	-0.0630
13.9000	-0.1608
13.9100	-0.1509
13.9200	0.3737
13.9300	0.6099
13.9400	0.3409
13.9500	0.2434
13.9600	0.0326
13.9700	-0.0889
13.9800	-0.4101
13.9900	-0.5571
14.0000	-0.2971
14.0100	0.0142
14.0200	0.2063
14.0300	0.4159
14.0400	0.2000
14.0500	0.1311
14.0600	0.1593
14.0700	-0.0082
14.0800	0.0605
14.0900	0.1778
14.1000	0.0487
14.1100	0.1674
14.1200	0.3226
14.1300	0.2246
14.1400	-0.1614
14.1500	-0.3720
14.1600	-0.2731
14.1700	-0.0806
14.1800	-0.1280
14.1900	-0.0280
14.2000	-0.0939
14.2100	-0.2787
14.2200	-0.3023
14.2300	-0.2985
14.2400	-0.3363
14.2500	-0.0052
14.2600	0.4279
14.2700	0.6195
14.2800	0.4935
14.2900	0.1367
14.3000	-0.0852
14.3100	-0.2343
14.3200	-0.2469
14.3300	0.0288
14.3400	0.0391
14.3500	0.0813
14.3600	0.1401
14.3700	0.1580
14.3800	0.2550
14.3900	0.2406
14.4000	0.4278
14.4100	0.1254
14.4200	-0.1480
14.4300	-0.0124
14.4400	0.0799
14.4500	-0.1114
14.4600	-0.2825
14.4700	-0.4650
14.4800	-0.2602
14.4900	-0.2063
14.5000	-0.3059
14.5100	-0.3729
14.5200	-0.4946
14.5300	-0.1495
14.5400	0.3318
14.5500	0.5635
14.5600	0.5676
14.5700	0.2561
14.5800	-0.1319
14.5900	-0.2326
14.6000	0.1177
14.6100	0.4001
14.6200	0.3344
14.6300	0.1696
14.6400	-0.1070
14.6500	-0.1515
14.6600	-0.3279
14.6700	-0.1059
14.6800	0.2563
14.6900	0.1530
14.7000	0.0600
14.7100	0.1549
14.7200	0.2975
14.7300	0.0963
14.7400	-0.0975
14.7500	-0.2121
14.7600	-0.2101
14.7700	0.0260
14.7800	0.1497
14.7900	0.2327
14.8000	0.2761
14.8100	-0.0001
14.8200	-0.4892
14.8300	-0.7803
14.8400	-0.6376
14.8500	0.0324
14.8600	0.5588
14.8700	0.5102
14.8800	0.4679
14.8900	0.3273
14.9000	0.1852
14.9100	-0.0075
14.9200	-0.5202
14.9300	-0.5041
14.9400	-0.2065
14.9500	-0.1638
14.9600	-0.2219
14.9700	-0.2230
14.9800	-0.1497
14.9900	0.0288
15.0000	0.0819
15.0100	-0.0338
15.0200	-0.2016
15.0300	-0.2290
15.0400	0.0386
15.0500	0.2050
15.0600	0.2468
15.0700	0.2858
15.0800	0.3440
15.0900	0.3319
15.1000	0.0427
15.1100	-0.1430
15.1200	-0.1623
15.1300	-0.2004
15.1400	-0.1333
15.1500	-0.2005
15.1600	-0.0661
15.1700	0.0179
15.1800	0.0132
15.1900	0.0340
15.2000	-0.0871
15.2100	-0.0734
15.2200	0.2467
15.2300	0.3513
15.2400	0.1200
15.2500	0.1607
15.2600	-0.0566
15.2700	-0.2387
15.2800	-0.0649
15.2900	-0.1698
15.3000	-0.2521
15.3100	-0.1347
15.3200	-0.0234
15.3300	-0.1261
15.3400	-0.2908
15.3500	-0.1028
15.3600	0.0972
15.3700	0.1852
15.3800	0.2486
15.3900	0.2684
15.4000	0.1436
15.4100	-0.0658
15.4200	-0.0331
15.4300	-0.1185
15.4400	-0.0979
15.4500	-0.0047
15.4600	0.2297
15.4700	0.3073
15.4800	0.0879
15.4900	0.1304
15.5000	0.0779
15.5100	-0.1779
15.5200	-0.1432
15.5300	0.0864
15.5400	0.2675
15.5500	0.3005
15.5600	0.1870
15.5700	0.2838
15.5800	-0.0324
15.5900	-0.2296
15.6000	-0.1520
15.6100	-0.2208
15.6200	-0.2096
15.6300	-0.1002
15.6400	-0.0401
15.6500	-0.1544
15.6600	-0.1666
15.6700	-0.0875
15.6800	-0.1113
15.6900	0.0294
15.7000	0.2090
15.7100	0.1543
15.7200	0.1209
15.7300	0.0346
15.7400	-0.0812
15.7500	-0.0247
15.7600	0.0266
15.7700	-0.0307
15.7800	-0.1724
15.7900	-0.0391
15.8000	0.0633
15.8100	0.2439
15.8200	0.2842
15.8300	0.0163
15.8400	0.1385
15.8500	0.1978
15.8600	0.0815
15.8700	0.0539
15.8800	-0.1853
15.8900	-0.2642
15.9000	-0.1722
15.9100	-0.0615
15.9200	0.1718
15.9300	0.0745
15.9400	-0.2042
15.9500	-0.1901
15.9600	-0.0745
15.9700	0.0473
15.9800	0.1723
15.9900	0.0970
16.0000	0.0950
16.0100	-0.0157
16.0200	-0.0728
16.0300	-0.0172
16.0400	-0.1832
16.0500	-0.2916
16.0600	-0.2484
16.0700	-0.2119
16.0800	-0.1084
16.0900	0.1354
16.1000	0.3390
16.1100	0.3473
16.1200	0.2064
16.1300	-0.0840
16.1400	-0.1606
16.1500	0.0167
16.1600	-0.0352
16.1700	-0.0652
16.1800	-0.1223
16.1900	0.1955
16.2000	0.3009
16.2100	-0.0737
16.2200	-0.1028
16.2300	0.1284
16.2400	0.0759
16.2500	0.0214
16.2600	-0.0381
16.2700	-0.1965
16.2800	-0.1965
16.2900	-0.2273
16.3000	-0.2490
16.3100	-0.1263
16.3200	-0.1811
16.3300	-0.1862
16.3400	0.1812
16.3500	0.3663
16.3600	0.2009
16.3700	0.1937
16.3800	0.2153
16.3900	0.0504
16.4000	-0.2472
16.4100	-0.3366
16.4200	0.0110
16.4300	0.1791
16.4400	0.2051
16.4500	0.3248
16.4600	0.2251
16.4700	0.0200
16.4800	0.0112
16.4900	0.0316
16.5000	-0.1906
16.5100	-0.2747
16.5200	-0.0967
16.5300	0.0496
16.5400	0.0315
16.5500	-0.1076
16.5600	-0.0499
16.5700	-0.0367
16.5800	-0.0351
16.5900	-0.0226
16.6000	-0.1889
16.6100	0.0454
16.6200	-0.0924
16.6300	-0.3648
16.6400	-0.1980
16.6500	-0.0327
16.6600	0.0780
16.6700	0.3265
16.6800	0.3206
16.6900	0.1323
16.7000	0.0674
16.7100	-0.1707
16.7200	-0.1212
16.7300	0.0954
16.7400	0.2176
16.7500	0.1920
16.7600	-0.0849
16.7700	-0.0846
16.7800	0.0658
16.7900	-0.1288
16.8000	-0.1347
16.8100	0.1451
16.8200	0.0682
16.8300	0.0109
16.8400	0.1176
16.8500	0.1795
16.8600	-0.0374
16.8700	-0.1808
16.8800	-0.2482
16.8900	-0.1757
16.9000	0.1684
16.9100	0.1367
16.9200	0.0632
16.9300	-0.1221
16.9400	-0.2550
16.9500	-0.2904
16.9600	-0.0816
16.9700	0.0160
16.9800	0.1389
16.9900	0.3048
17.0000	0.1341
17.0100	-0.0475
17.0200	-0.1582
17.0300	-0.0394
17.0400	0.1090
17.0500	-0.0474
17.0600	-0.0704
17.0700	-0.0103
17.0800	0.1444
17.0900	0.0269
17.1000	-0.1902
17.1100	-0.1148
17.1200	-0.0065
17.1300	0.0554
17.1400	-0.0440
17.1500	0.0187
17.1600	-0.0467
17.1700	0.0260
17.1800	0.1089
17.1900	-0.0263
17.2000	0.0991
17.2100	0.1236
17.2200	0.1373
17.2300	0.2196
17.2400	-0.0207
17.2500	-0.1249
17.2600	-0.0099
17.2700	-0.0839
17.2800	-0.1241
17.2900	-0.2022
17.3000	-0.1934
17.3100	0.0377
17.3200	0.1384
17.3300	0.1083
17.3400	-0.0277
17.3500	-0.0151
17.3600	-0.0011
17.3700	-0.0436
17.3800	-0.0288
17.3900	-0.1099
17.4000	-0.1877
17.4100	-0.1845
17.4200	-0.0196
17.4300	0.1061
17.4400	-0.0185
17.4500	-0.1308
17.4600	-0.1184
17.4700	-0.0944
17.4800	0.1240
17.4900	0.3347
17.5000	0.2473
17.5100	0.0901
17.5200	0.0260
17.5300	-0.1221
17.5400	-0.0301
17.5500	-0.0712
17.5600	-0.1852
17.5700	-0.1664
17.5800	0.0106
17.5900	0.2751
17.6000	0.2489
17.6100	0.2260
17.6200	-0.0031
17.6300	-0.0704
17.6400	0.0385
17.6500	0.0493
17.6600	0.1177
17.6700	0.1803
17.6800	-0.0101
17.6900	0.0399
17.7000	0.0370
17.7100	0.0690
17.7200	-0.0479
17.7300	-0.1798
17.7400	-0.1374
17.7500	-0.0793
17.7600	-0.0805
17.7700	0.0051
17.7800	0.0234
17.7900	0.0266
17.8000	-0.0600
17.8100	-0.0259
17.8200	-0.0468
17.8300	-0.0351
17.8400	-0.0454
17.8500	-0.1250
17.8600	-0.1489
17.8700	-0.0659
17.8800	0.0432
17.8900	0.1298
17.9000	0.1091
17.9100	-0.1810
17.9200	-0.2239
17.9300	0.0195
17.9400	0.0427
17.9500	0.0533
17.9600	0.0502
17.9700	0.0901
17.9800	0.0196
17.9900	-0.1676
18.0000	-0.0735
18.0100	0.1109
18.0200	0.0732
18.0300	0.0079
18.0400	-0.1322
18.0500	-0.0271
18.0600	0.1341
18.0700	0.1596
18.0800	0.0237
18.0900	-0.1193
18.1000	-0.0825
18.1100	0.0237
18.1200	-0.0505
18.1300	0.0116
18.1400	-0.0475
18.1500	-0.1106
18.1600	-0.1020
18.1700	-0.0509
18.1800	0.0404
18.1900	0.0903
18.2000	0.0403
18.2100	0.1305
18.2200	0.0862
18.2300	0.0864
18.2400	0.0517
18.2500	-0.0138
18.2600	0.1092
18.2700	0.1054
18.2800	0.0505
18.2900	-0.0206
18.3000	-0.0943
18.3100	-0.0298
18.3200	-0.0405
18.3300	-0.0478
18.3400	0.0459
18.3500	0.0649
18.3600	0.1240
18.3700	-0.0776
18.3800	-0.0746
18.3900	0.0397
18.4000	0.0818
18.4100	0.1398
18.4200	0.0245
18.4300	-0.1459
18.4400	-0.1827
18.4500	-0.0864
18.4600	-0.0110
18.4700	0.0436
18.4800	0.0192
18.4900	-0.1342
18.5000	-0.1982
18.5100	-0.1038
18.5200	-0.0922
18.5300	-0.0561
18.5400	0.0429
18.5500	0.0033
18.5600	0.0516
18.5700	0.1837
18.5800	0.1809
18.5900	0.0786
18.6000	-0.0118
18.6100	-0.1481
18.6200	-0.1011
18.6300	0.0457
18.6400	0.0534
18.6500	-0.0155
18.6600	-0.0307
18.6700	0.1042
18.6800	0.1687
18.6900	0.1021
18.7000	-0.0646
18.7100	-0.1792
18.7200	0.0328
18.7300	0.1236
18.7400	-0.0948
18.7500	-0.1012
18.7600	-0.0481
18.7700	-0.1349
18.7800	-0.1091
18.7900	-0.1581
18.8000	-0.1401
18.8100	0.1017
18.8200	0.2510
18.8300	0.1820
18.8400	0.2047
18.8500	0.0667
18.8600	0.0552
18.8700	-0.0484
18.8800	-0.0612
18.8900	0.0030
18.9000	-0.0192
18.9100	0.0941
18.9200	0.1475
18.9300	0.0041
18.9400	0.0327
18.9500	-0.0380
18.9600	-0.1038
18.9700	-0.1032
18.9800	0.0348
18.9900	0.1546
19.0000	0.1481
19.0100	0.1012
19.0200	0.0833
19.0300	-0.0710
19.0400	-0.1333
19.0500	-0.0807
19.0600	-0.1031
19.0700	-0.1158
19.0800	0.0054
19.0900	0.1075
19.1000	0.0451
19.1100	-0.0634
19.1200	0.0196
19.1300	0.0950
19.1400	0.0514
19.1500	-0.0610
19.1600	-0.1417
19.1700	0.0003
19.1800	0.1167
19.1900	0.1855
19.2000	0.1446
19.2100	-0.1845
19.2200	-0.2488
19.2300	-0.0628
19.2400	0.0215
19.2500	0.0218
19.2600	0.0426
19.2700	-0.1223
19.2800	-0.0890
19.2900	0.0569
19.3000	0.0494
19.3100	-0.0187
19.3200	-0.1293
19.3300	-0.0750
19.3400	0.0315
19.3500	0.1337
19.3600	0.1746
19.3700	0.1215
19.3800	0.1350
19.3900	0.0268
19.4000	-0.0844
19.4100	-0.1550
19.4200	-0.0982
19.4300	0.0195
19.4400	0.0719
19.4500	0.0081
19.4600	-0.0985
19.4700	-0.0287
19.4800	0.0532
19.4900	-0.0632
19.5000	-0.0986
19.5100	-0.1841
19.5200	-0.1752
19.5300	-0.0201
19.5400	0.1955
19.5500	0.1208
19.5600	-0.0334
19.5700	0.0265
19.5800	0.1116
19.5900	0.1598
19.6000	0.1723
19.6100	0.0535
19.6200	-0.1673
19.6300	-0.2286
19.6400	-0.1135
19.6500	-0.0183
19.6600	0.1393
19.6700	0.2251
19.6800	0.2178
19.6900	0.0289
19.7000	0.0379
19.7100	-0.0842
19.7200	-0.3271
19.7300	-0.3634
19.7400	-0.2226
19.7500	0.0128
19.7600	0.2942
19.7700	0.3352
19.7800	0.1589
19.7900	-0.0224
19.8000	-0.2342
19.8100	-0.2657
19.8200	-0.1803
19.8300	-0.0738
19.8400	0.0440
19.8500	0.0579
19.8600	0.0998
19.8700	0.1403
19.8800	0.1035
19.8900	-0.0286
19.9000	-0.0766
19.9100	0.0115
19.9200	0.0190
19.9300	-0.1121
19.9400	-0.0674
19.9500	0.0236
19.9600	0.1603
19.9700	0.2227
19.9800	0.1682
19.9900	-0.0359
20.0000	-0.1171
20.0100	-0.1079
20.0200	-0.1972
20.0300	-0.1283
20.0400	-0.0047
20.0500	0.0109
20.0600	0.1065
20.0700	0.2045
20.0800	0.1452
20.0900	-0.0032
20.1000	-0.0843
20.1100	-0.0015
20.1200	-0.0203
20.1300	-0.1011
20.1400	-0.1833
20.1500	-0.1403
20.1600	0.0240
20.1700	0.0369
20.1800	-0.0165
20.1900	0.1351
20.2000	0.1925
20.2100	0.0597
20.2200	0.0119
20.2300	0.0673
20.2400	0.0479
20.2500	-0.1270
20.2600	-0.1912
20.2700	-0.0031
20.2800	0.1104
20.2900	-0.0806
20.3000	-0.0826
20.3100	0.0034
20.3200	0.0329
20.3300	0.0502
20.3400	0.1639
20.3500	0.2023
20.3600	0.0866
20.3700	0.0559
20.3800	-0.0861
20.3900	-0.1950
20.4000	-0.1501
20.4100	-0.1843
20.4200	-0.0456
20.4300	0.0984
20.4400	0.0131
20.4500	0.0429
20.4600	0.0256
20.4700	-0.0179
20.4800	-0.0476
20.4900	0.0081
20.5000	0.1001
20.5100	0.1362
20.5200	0.0314
20.5300	-0.0677
20.5400	-0.1035
20.5500	-0.1444
20.5600	-0.1444
20.5700	-0.1170
20.5800	0.1263
20.5900	0.1390
20.6000	0.0164
20.6100	-0.1165
20.6200	-0.0951
20.6300	-0.0492
20.6400	0.1347
20.6500	0.2796
20.6600	0.1453
20.6700	-0.0757
20.6800	-0.1438
20.6900	0.0021
20.7000	-0.0285
20.7100	-0.0838
20.7200	-0.1280
20.7300	-0.1112
20.7400	0.0222
20.7500	-0.0176
20.7600	-0.1101
20.7700	0.0209
20.7800	0.0115
20.7900	0.0322
20.8000	0.0526
20.8100	0.0245
20.8200	0.1462
20.8300	0.1809
20.8400	0.0990
20.8500	0.0023
20.8600	0.0081
20.8700	-0.0979
20.8800	-0.1474
20.8900	-0.0084
20.9000	0.0155
20.9100	0.0248
20.9200	-0.1038
20.9300	-0.2329
20.9400	-0.0919
20.9500	0.0999
20.9600	0.1588
20.9700	0.1562
20.9800	0.0002
20.9900	-0.1783
21.0000	0.0677
21.0100	0.1642
21.0200	-0.1012
21.0300	-0.0376
21.0400	-0.0317
21.0500	-0.1311
21.0600	-0.0342
21.0700	-0.0223
21.0800	0.1420
21.0900	0.3504
21.1000	0.1363
21.1100	0.0160
21.1200	-0.1113
21.1300	-0.2002
21.1400	-0.1570
21.1500	-0.0534
21.1600	0.0579
21.1700	0.1214
21.1800	-0.0427
21.1900	-0.0242
21.2000	0.1092
21.2100	0.2058
21.2200	0.1291
21.2300	-0.0192
21.2400	-0.0594
21.2500	-0.0529
21.2600	-0.0350
21.2700	-0.0005
21.2800	-0.0170
21.2900	-0.0009
21.3000	-0.0553
21.3100	0.0305
21.3200	0.0489
21.3300	-0.0098
21.3400	-0.0204
21.3500	-0.0185
21.3600	0.0740
21.3700	0.0572
21.3800	0.0302
21.3900	-0.0359
21.4000	-0.0895
21.4100	-0.0424
21.4200	-0.0486
21.4300	-0.0308
21.4400	0.0348
21.4500	0.0429
21.4600	-0.0167
21.4700	-0.0061
21.4800	0.0201
21.4900	0.0049
21.5000	-0.0687
21.5100	-0.0717
21.5200	0.0345
21.5300	0.0530
21.5400	0.0223
21.5500	-0.0537
21.5600	0.0091
21.5700	0.0963
21.5800	0.0346
21.5900	-0.0564
21.6000	-0.1006
21.6100	-0.0421
21.6200	-0.0633
21.6300	-0.1205
21.6400	0.0016
21.6500	0.0720
21.6600	0.0394
21.6700	0.0534
21.6800	-0.0113
21.6900	-0.0787
21.7000	-0.0763
21.7100	-0.0869
21.7200	0.0032
21.7300	0.0472
21.7400	0.0754
21.7500	0.1008
21.7600	0.0540
21.7700	0.0366
21.7800	0.0361
21.7900	-0.0317
21.8000	-0.0326
21.8100	-0.0532
21.8200	-0.0347
21.8300	0.1533
21.8400	0.1389
21.8500	-0.0011
21.8600	-0.1207
21.8700	-0.1120
21.8800	-0.0873
21.8900	-0.0707
21.9000	0.0552
21.9100	0.0722
21.9200	0.0035
21.9300	0.0450
21.9400	0.0692
21.9500	0.0124
21.9600	-0.0063
21.9700	0.0636
21.9800	0.0820
21.9900	0.0591
22.0000	-0.0227
22.0100	-0.0459
22.0200	-0.0152
22.0300	-0.0026
22.0400	-0.0054
22.0500	-0.0850
22.0600	-0.1153
22.0700	-0.0038
22.0800	0.1226
22.0900	0.0949
22.1000	0.0913
22.1100	-0.0273
22.1200	-0.0781
22.1300	-0.0209
22.1400	0.0383
22.1500	0.0575
22.1600	-0.0409
22.1700	-0.0948
22.1800	-0.0375
22.1900	-0.0202
22.2000	-0.0629
22.2100	0.0520
22.2200	0.1323
22.2300	0.1715
22.2400	0.1168
22.2500	-0.0124
22.2600	-0.1362
22.2700	-0.1392
22.2800	-0.0991
22.2900	-0.0311
22.3000	0.0279
22.3100	0.0482
22.3200	0.0193
22.3300	0.0245
22.3400	-0.0080
22.3500	-0.0867
22.3600	-0.0067
22.3700	0.0556
22.3800	0.0671
22.3900	0.0597
22.4000	0.0323
22.4100	0.0485
22.4200	0.0283
22.4300	0.0160
22.4400	-0.0267
22.4500	-0.0684
22.4600	-0.0488
22.4700	-0.0473
22.4800	-0.0541
22.4900	-0.0098
22.5000	0.0027
22.5100	0.0045
22.5200	-0.0159
22.5300	-0.0439
22.5400	0.0203
22.5500	0.0236
22.5600	0.0290
22.5700	0.0120
22.5800	-0.0070
22.5900	0.0034
22.6000	0.0073
22.6100	0.0199
22.6200	0.0310
22.6300	-0.0160
22.6400	-0.0464
22.6500	-0.0072
22.6600	-0.0102
22.6700	-0.0538
22.6800	-0.0212
22.6900	0.1096
22.7000	0.1405
22.7100	-0.0017
22.7200	-0.0316
22.7300	0.0042
22.7400	0.0303
22.7500	-0.0403
22.7600	-0.0877
22.7700	0.0041
22.7800	0.0973
22.7900	0.0275
22.8000	0.0002
22.8100	-0.0117
22.8200	-0.0585
22.8300	0.0086
22.8400	0.0272
22.8500	0.0955
22.8600	0.0555
22.8700	-0.0289
22.8800	-0.0453
22.8900	-0.0505
22.9000	-0.0011
22.9100	0.0136
22.9200	-0.0181
22.9300	-0.0291
22.9400	-0.0244
22.9500	0.0259
22.9600	-0.0650
22.9700	-0.0803
22.9800	0.0026
22.9900	0.0320
23.0000	-0.0221
23.0100	-0.0167
23.0200	0.1156
23.0300	0.0579
23.0400	-0.0574
23.0500	-0.0548
23.0600	-0.0924
23.0700	-0.0910
23.0800	0.0400
23.0900	0.0931
23.1000	0.1254
23.1100	0.0703
23.1200	-0.0184
23.1300	-0.0065
23.1400	-0.0247
23.1500	-0.0183
23.1600	0.0309
23.1700	-0.0002
23.1800	-0.0800
23.1900	-0.0503
23.2000	-0.0175
23.2100	0.0325
23.2200	0.1065
23.2300	0.1007
23.2400	0.0776
23.2500	0.0369
23.2600	0.0015
23.2700	-0.0242
23.2800	-0.0284
23.2900	-0.0450
23.3000	-0.0463
23.3100	0.0269
23.3200	0.0423
23.3300	0.0147
23.3400	-0.0407
23.3500	-0.0520
23.3600	-0.0047
23.3700	-0.0129
23.3800	-0.0230
23.3900	-0.0110
23.4000	0.0561
23.4100	0.0767
23.4200	-0.0131
23.4300	-0.0708
23.4400	-0.0630
23.4500	-0.0516
23.4600	-0.0270
23.4700	0.0101
23.4800	0.0263
23.4900	0.0192
23.5000	0.0527
23.5100	0.0255
23.5200	0.0196
23.5300	0.0043
23.5400	0.0270
23.5500	0.0356
23.5600	-0.0045
23.5700	-0.0094
23.5800	-0.0477
23.5900	-0.0965
23.6000	-0.0505
23.6100	-0.0288
23.6200	0.0188
23.6300	0.0827
23.6400	0.0299
23.6500	-0.0346
23.6600	-0.0543
23.6700	-0.0070
23.6800	0.0168
23.6900	0.0420
23.7000	0.0024
23.7100	0.0312
23.7200	0.0831
23.7300	0.0127
23.7400	-0.0689
23.7500	-0.1561
23.7600	-0.0849
23.7700	-0.0024
23.7800	0.0757
23.7900	0.1277
23.8000	0.0783
23.8100	-0.0689
23.8200	-0.0650
23.8300	-0.0037
23.8400	0.0279
23.8500	0.0663
23.8600	0.0502
23.8700	0.0255
23.8800	0.0010
23.8900	-0.0949
23.9000	-0.1180
23.9100	-0.0742
23.9200	0.0033
23.9300	0.0977
23.9400	0.1239
23.9500	0.0799
23.9600	0.0135
23.9700	-0.0171
23.9800	-0.0823
23.9900	-0.0488
24.0000	-0.0062
24.0100	-0.0462
24.0200	-0.1025
24.0300	-0.0812
24.0400	0.0448
24.0500	0.0493
24.0600	0.0465
24.0700	-0.0037
24.0800	-0.0365
24.0900	-0.0466
24.1000	-0.0745
24.1100	-0.0033
24.1200	0.0138
24.1300	0.0508
24.1400	0.1099
24.1500	0.0698
24.1600	0.0019
24.1700	-0.0193
24.1800	0.0053
24.1900	0.0080
24.2000	-0.0256
24.2100	-0.0776
24.2200	-0.0848
24.2300	-0.0016
24.2400	0.0222
24.2500	0.0358
24.2600	0.0246
24.2700	0.0092
24.2800	0.0135
24.2900	0.0261
24.3000	0.0148
24.3100	-0.0088
24.3200	-0.0355
24.3300	-0.0340
24.3400	-0.0461
24.3500	0.0016
24.3600	0.0250
24.3700	0.0029
24.3800	-0.0180
24.3900	0.0078
24.4000	0.0338
24.4100	-0.0042
24.4200	0.0044
24.4300	0.0201
24.4400	0.0160
24.4500	0.0255
24.4600	0.0411
24.4700	0.0174
24.4800	-0.0125
24.4900	-0.0306
24.5000	-0.0363
24.5100	-0.0863
24.5200	-0.0023
24.5300	0.0967
24.5400	0.0886
24.5500	0.0023
24.5600	-0.0759
24.5700	-0.0365
24.5800	-0.0048
24.5900	-0.0116
24.6000	0.0332
24.6100	0.0679
24.6200	0.0669
24.6300	0.0137
24.6400	-0.0047
24.6500	-0.0371
24.6600	-0.0320
24.6700	-0.0052
24.6800	-0.0237
24.6900	0.0126
24.7000	0.0566
24.7100	0.0449
24.7200	-0.0023
24.7300	-0.0240
24.7400	-0.0536
24.7500	-0.0881
24.7600	-0.0074
24.7700	0.0742
24.7800	0.0807
24.7900	0.0177
24.8000	-0.0713
24.8100	-0.0559
24.8200	-0.0144
24.8300	0.0246
24.8400	0.0544
24.8500	0.0280
24.8600	-0.0183
24.8700	-0.0278
24.8800	-0.0034
24.8900	0.0265
24.9000	-0.0241
24.9100	0.0006
24.9200	0.0108
24.9300	-0.0212
24.9400	-0.0559
24.9500	-0.0176
24.9600	0.0746
24.9700	0.0475
24.9800	0.0196
24.9900	-0.0012
25.0000	-0.0353
25.0100	-0.0159
25.0200	0.0133
25.0300	-0.0408
25.0400	-0.0405
25.0500	-0.0564
25.0600	-0.0165
25.0700	0.0989
25.0800	0.1095
25.0900	0.0545
25.1000	0.0290
25.1100	0.0025
25.1200	-0.0093
25.1300	-0.0300
25.1400	-0.0178
25.1500	0.0109
25.1600	0.0009
25.1700	-0.0194
25.1800	-0.0180
25.1900	-0.0464
25.2000	-0.0716
25.2100	0.0023
25.2200	0.0784
25.2300	0.0566
25.2400	-0.0002
25.2500	-0.0120
25.2600	-0.0172
25.2700	-0.0287
25.2800	-0.0125
25.2900	0.0127
25.3000	0.0281
25.3100	0.0478
25.3200	0.0378
25.3300	-0.0439
25.3400	-0.0475
25.3500	-0.0522
25.3600	-0.0129
25.3700	0.0256
25.3800	0.0706
25.3900	0.0857
25.4000	0.0345
25.4100	0.0357
25.4200	0.0065
25.4300	-0.0387
25.4400	-0.0540
25.4500	-0.0648
25.4600	-0.0448
25.4700	0.0405
25.4800	0.0910
25.4900	0.0656
25.5000	0.0480
25.5100	-0.0286
25.5200	-0.0359
25.5300	-0.0047
25.5400	-0.0458
25.5500	-0.0236
25.5600	0.0042
25.5700	0.0457
25.5800	0.0416
25.5900	-0.0290
25.6000	-0.0424
25.6100	-0.0514
25.6200	-0.0689
25.6300	-0.0850
25.6400	-0.0420
25.6500	0.0517
25.6600	0.1397
25.6700	0.1012
25.6800	0.0412
25.6900	-0.0282
25.7000	-0.1064
25.7100	-0.0643
25.7200	-0.0024
25.7300	0.0500
25.7400	0.0615
25.7500	0.0659
25.7600	0.0271
25.7700	-0.0669
25.7800	-0.1022
25.7900	-0.0624
25.8000	0.0557
25.8100	0.0903
25.8200	0.0569
25.8300	-0.0067
25.8400	-0.0474
25.8500	-0.0190
25.8600	-0.0037
25.8700	0.0171
25.8800	-0.0013
25.8900	0.0135
25.9000	0.0285
25.9100	0.0132
25.9200	-0.0183
25.9300	-0.0583
25.9400	-0.0239
25.9500	0.0103
25.9600	0.0589
25.9700	0.0577
25.9800	-0.0251
25.9900	-0.0514
26.0000	-0.0257
26.0100	-0.0147
26.0200	0.0121
26.0300	0.0209
26.0400	0.0437
26.0500	-0.0117
26.0600	-0.0121
26.0700	-0.0174
26.0800	-0.0252
26.0900	-0.0080
26.1000	0.0460
26.1100	0.0483
26.1200	-0.0124
26.1300	-0.0397
26.1400	-0.0567
26.1500	-0.0541
26.1600	-0.0206
26.1700	0.0375
26.1800	0.0568
26.1900	0.0339
26.2000	0.0042
26.2100	0.0238
26.2200	0.0529
26.2300	0.0142
26.2400	-0.0257
26.2500	-0.0578
26.2600	-0.0509
26.2700	-0.0303
26.2800	0.0369
26.2900	0.0750
26.3000	0.0544
26.3100	-0.0077
26.3200	-0.0157
26.3300	-0.0058
26.3400	-0.0302
26.3500	-0.0655
26.3600	-0.0230
26.3700	0.0113
26.3800	-0.0167
26.3900	-0.0147
26.4000	0.0134
26.4100	0.0536
26.4200	0.0586
26.4300	0.0444
26.4400	0.0151
26.4500	-0.0146
26.4600	-0.0353
26.4700	-0.0513
26.4800	-0.0156
26.4900	-0.0238
26.5000	0.0062
26.5100	0.0155
26.5200	0.0093
26.5300	0.0202
26.5400	0.0026
26.5500	0.0062
26.5600	0.0160
26.5700	0.0417
26.5800	0.0235
26.5900	-0.0798
26.6000	-0.1152
26.6100	-0.0492
26.6200	0.0360
26.6300	0.0332
26.6400	0.0537
26.6500	-0.0016
26.6600	-0.0120
26.6700	-0.0357
26.6800	-0.0408
26.6900	-0.0026
26.7000	0.0222
26.7100	0.0600
26.7200	0.0719
26.7300	0.0271
26.7400	-0.0435
26.7500	-0.0653
26.7600	-0.0422
26.7700	-0.0079
26.7800	0.0024
26.7900	0.0315
26.8000	0.0327
26.8100	-0.0050
26.8200	0.0226
26.8300	0.0427
26.8400	0.0219
26.8500	-0.0288
26.8600	-0.0683
26.8700	-0.0328
26.8800	-0.0162
26.8900	0.0354
26.9000	0.0458
26.9100	0.0035
26.9200	-0.0269
26.9300	-0.0013
26.9400	0.0259
26.9500	-0.0141
26.9600	-0.0067
26.9700	0.0169
26.9800	0.0311
26.9900	0.0274
27.0000	0.0148
27.0100	-0.0036
27.0200	0.0305
27.0300	-0.0020
27.0400	-0.0586
27.0500	-0.0452
27.0600	-0.0167
27.0700	0.0007
27.0800	0.0191
27.0900	-0.0118
27.1000	-0.0262
27.1100	0.0218
27.1200	0.0466
27.1300	0.0419
27.1400	-0.0066
27.1500	-0.0366
27.1600	-0.0433
27.1700	-0.0303
27.1800	0.0121
27.1900	0.0244
27.2000	0.0415
27.2100	0.0354
27.2200	0.0196
27.2300	-0.0150
27.2400	-0.0712
27.2500	-0.0701
27.2600	0.0224
27.2700	0.0351
27.2800	-0.0001
27.2900	-0.0238
27.3000	-0.0538
27.3100	0.0400
27.3200	0.1020
27.3300	0.0470
27.3400	-0.0213
27.3500	-0.0282
27.3600	-0.0465
27.3700	-0.0443
27.3800	-0.0729
27.3900	-0.0329
27.4000	0.0041
27.4100	0.0529
27.4200	0.0386
27.4300	-0.0102
27.4400	-0.0405
27.4500	0.0051
27.4600	0.0308
27.4700	-0.0134
27.4800	-0.0655
27.4900	-0.0741
27.5000	-0.0130
27.5100	0.0232
27.5200	0.0525
27.5300	0.0319
27.5400	0.0034
27.5500	-0.0103
27.5600	-0.0206
27.5700	-0.0145
27.5800	-0.0129
27.5900	0.0376
27.6000	0.0498
27.6100	0.0095
27.6200	-0.0257
27.6300	-0.0235
27.6400	-0.0084
27.6500	-0.0022
27.6600	0.0338
27.6700	0.0239
27.6800	0.0100
27.6900	-0.0279
27.7000	-0.0493
27.7100	-0.0503
27.7200	-0.0399
27.7300	0.0366
27.7400	0.0550
27.7500	0.0444
27.7600	0.0344
27.7700	0.0174
27.7800	0.0021
27.7900	0.0122
27.8000	0.0376
27.8100	0.0304
27.8200	0.0083
27.8300	0.0091
27.8400	-0.0148
27.8500	-0.0833
27.8600	-0.0924
27.8700	-0.0550
27.8800	0.0519
27.8900	0.0774
27.9000	0.0721
27.9100	0.0269
27.9200	0.0039
27.9300	-0.0108
27.9400	-0.0403
27.9500	-0.0584
27.9600	-0.0384
27.9700	-0.0463
27.9800	0.0064
27.9900	0.0603
28.0000	0.0672
28.0100	0.0065
28.0200	0.0067
28.0300	0.0170
28.0400	-0.0249
28.0500	-0.0228
28.0600	-0.0131
28.0700	-0.0260
28.0800	-0.0130
28.0900	0.0048
28.1000	-0.0098
28.1100	-0.0142
28.1200	-0.0278
28.1300	0.0033
28.1400	0.0433
28.1500	0.0268
28.1600	0.0434
28.1700	0.0093
28.1800	-0.0240
28.1900	-0.0423
28.2000	-0.0207
28.2100	0.0180
28.2200	-0.0035
28.2300	-0.0106
28.2400	-0.0057
28.2500	-0.0213
28.2600	0.0269
28.2700	0.0512
28.2800	0.0361
28.2900	0.0360
28.3000	0.0116
28.3100	-0.0111
28.3200	-0.0269
28.3300	-0.0359
28.3400	-0.0481
28.3500	-0.0738
28.3600	-0.0437
28.3700	0.0383
28.3800	0.0714
28.3900	0.0539
28.4000	0.0249
28.4100	-0.0140
28.4200	-0.0097
28.4300	0.0024
28.4400	0.0157
28.4500	0.0049
28.4600	-0.0239
28.4700	-0.0077
28.4800	0.0375
28.4900	0.0067
28.5000	-0.0033
28.5100	-0.0064
28.5200	0.0054
28.5300	-0.0188
28.5400	-0.0389
28.5500	-0.0087
28.5600	-0.0122
28.5700	-0.0158
28.5800	0.0239
28.5900	0.0546
28.6000	-0.0011
28.6100	-0.0460
28.6200	-0.0503
28.6300	-0.0298
28.6400	-0.0298
28.6500	-0.0041
28.6600	0.0039
28.6700	0.0027
28.6800	0.0030
28.6900	0.0174
28.7000	0.0203
28.7100	0.0206
28.7200	0.0065
28.7300	0.0144
28.7400	-0.0000
28.7500	0.0049
28.7600	-0.0037
28.7700	0.0009
28.7800	-0.0081
28.7900	0.0114
28.8000	0.0169
28.8100	0.0079
28.8200	0.0093
28.8300	-0.0006
28.8400	-0.0176
28.8500	-0.0267
28.8600	0.0104
28.8700	0.0253
28.8800	0.0525
28.8900	0.0349
28.9000	-0.0047
28.9100	-0.0181
28.9200	-0.0256
28.9300	-0.0399
28.9400	-0.0402
28.9500	-0.0259
28.9600	0.0263
28.9700	0.0247
28.9800	-0.0009
28.9900	-0.0029
29.0000	0.0054
29.0100	0.0298
29.0200	0.0058
29.0300	-0.0347
29.0400	-0.0491
29.0500	-0.0413
29.0600	-0.0340
29.0700	-0.0064
29.0800	0.0406
29.0900	0.0687
29.1000	0.0570
29.1100	0.0236
29.1200	-0.0152
29.1300	-0.0380
29.1400	-0.0057
29.1500	0.0272
29.1600	0.0332
29.1700	0.0437
29.1800	-0.0038
29.1900	-0.0530
29.2000	-0.0613
29.2100	-0.0288
29.2200	0.0066
29.2300	-0.0050
29.2400	0.0093
29.2500	-0.0035
29.2600	-0.0179
29.2700	-0.0291
29.2800	0.0084
29.2900	0.0251
29.3000	0.0479
29.3100	0.0444
29.3200	-0.0031
29.3300	-0.0415
29.3400	-0.0224
29.3500	-0.0252
29.3600	0.0070
29.3700	0.0262
29.3800	0.0306
29.3900	-0.0112
29.4000	-0.0184
29.4100	0.0038
29.4200	-0.0043
29.4300	-0.0152
29.4400	-0.0175
29.4500	0.0097
29.4600	-0.0052
29.4700	-0.0167
29.4800	-0.0246
29.4900	-0.0300
29.5000	-0.0207
29.5100	0.0238
29.5200	0.0189
29.5300	0.0031
29.5400	0.0268
29.5500	0.0315
29.5600	0.0367
29.5700	-0.0156
29.5800	-0.0465
29.5900	-0.0418
29.6000	-0.0156
29.6100	-0.0020
29.6200	0.0161
29.6300	-0.0013
29.6400	-0.0065
29.6500	0.0035
29.6600	-0.0020
29.6700	-0.0212
29.6800	-0.0340
29.6900	-0.0228
29.7000	0.0100
29.7100	0.0253
29.7200	0.0258
29.7300	0.0228
29.7400	0.0040
29.7500	-0.0174
29.7600	-0.0049
29.7700	-0.0155
29.7800	0.0116
29.7900	0.0294
29.8000	0.0079
29.8100	-0.0376
29.8200	-0.0522
29.8300	-0.0258
29.8400	0.0391
29.8500	0.0313
29.8600	0.0020
29.8700	-0.0187
29.8800	-0.0141
29.8900	-0.0065
29.9000	0.0050
29.9100	0.0171
29.9200	0.0078
29.9300	0.0171
29.9400	0.0104
29.9500	-0.0113
29.9600	-0.0350
29.9700	-0.0302
29.9800	-0.0182
29.9900	-0.0085
30.0000	0.0266
30.0100	0.0225
30.0200	-0.0019
30.0300	-0.0364
30.0400	-0.0326
30.0500	0.0170
30.0600	-0.0021
30.0700	-0.0213
30.0800	-0.0403
30.0900	-0.0104
30.1000	0.0631
30.1100	0.0406
30.1200	0.0421
30.1300	0.0175
30.1400	-0.0024
30.1500	-0.0076
30.1600	-0.0290
30.1700	-0.0232
30.1800	0.0070
30.1900	0.0327
30.2000	0.0654
30.2100	0.0290
30.2200	-0.0046
30.2300	-0.0295
30.2400	-0.0588
30.2500	-0.0320
30.2600	-0.0072
30.2700	0.0158
30.2800	0.0308
30.2900	0.0006
30.3000	-0.0065
30.3100	-0.0092
30.3200	0.0118
30.3300	0.0206
30.3400	-0.0014
30.3500	0.0112
30.3600	0.0255
30.3700	0.0025
30.3800	-0.0171
30.3900	-0.0062
30.4000	-0.0197
30.4100	-0.0326
30.4200	-0.0304
30.4300	-0.0204
30.4400	-0.0000
30.4500	0.0258
30.4600	0.0192
30.4700	0.0058
30.4800	-0.0055
30.4900	0.0086
30.5000	0.0160
30.5100	0.0083
30.5200	0.0085
30.5300	-0.0035
30.5400	-0.0088
30.5500	-0.0355
30.5600	-0.0246
30.5700	-0.0137
30.5800	0.0101
30.5900	0.0264
30.6000	0.0055
30.6100	-0.0337
30.6200	-0.0083
30.6300	0.0162
30.6400	0.0096
30.6500	0.0047
30.6600	0.0055
30.6700	0.0029
30.6800	-0.0147
30.6900	-0.0337
30.7000	-0.0169
30.7100	0.0057
30.7200	0.0171
30.7300	0.0266
30.7400	0.0218
30.7500	0.0092
30.7600	-0.0128
30.7700	-0.0003
30.7800	0.0032
30.7900	-0.0106
30.8000	-0.0101
30.8100	-0.0140
30.8200	-0.0184
30.8300	-0.0030
30.8400	0.0225
30.8500	0.0278
30.8600	0.0251
30.8700	0.0011
30.8800	0.0038
30.8900	0.0205
30.9000	0.0149
30.9100	-0.0036
30.9200	-0.0294
30.9300	-0.0358
30.9400	-0.0162
30.9500	0.0207
30.9600	0.0317
30.9700	0.0066
30.9800	-0.0139
30.9900	-0.0158
31.0000	-0.0015
31.0100	-0.0010
31.0200	-0.0049
31.0300	0.0059
31.0400	0.0252
31.0500	0.0008
31.0600	-0.0213
31.0700	-0.0193
31.0800	0.0019
31.0900	0.0209
31.1000	0.0374
31.1100	0.0116
31.1200	-0.0123
31.1300	-0.0269
31.1400	-0.0090
31.1500	0.0140
31.1600	0.0365
31.1700	0.0432
31.1800	0.0047
31.1900	-0.0225
31.2000	-0.0320
31.2100	-0.0006
31.2200	0.0125
31.2300	0.0281
31.2400	-0.0020
31.2500	-0.0042
31.2600	-0.0107
31.2700	-0.0050
31.2800	-0.0050
31.2900	-0.0323
31.3000	-0.0183
31.3100	-0.0004
31.3200	0.0166
31.3300	0.0293
31.3400	0.0423
31.3500	0.0217
31.3600	-0.0164
31.3700	-0.0381
31.3800	-0.0352
31.3900	-0.0134
31.4000	0.0124
31.4100	-0.0068
31.4200	-0.0064
31.4300	0.0052
31.4400	0.0386
31.4500	0.0004
31.4600	-0.0203
31.4700	-0.0223
31.4800	0.0105
31.4900	0.0011
31.5000	0.0038
31.5100	0.0097
31.5200	0.0071
31.5300	-0.0009
31.5400	-0.0231
31.5500	-0.0212
31.5600	0.0062
31.5700	0.0289
31.5800	0.0222
31.5900	-0.0212
31.6000	-0.0287
31.6100	-0.0112
31.6200	-0.0017
31.6300	0.0081
31.6400	0.0088
31.6500	-0.0060
31.6600	-0.0154
31.6700	0.0084
31.6800	0.0064
31.6900	-0.0130
31.7000	-0.0103
31.7100	-0.0013
31.7200	0.0037
31.7300	0.0042
31.7400	0.0131
31.7500	0.0445
31.7600	0.0340
31.7700	0.0197
31.7800	-0.0247
31.7900	-0.0381
31.8000	-0.0089
31.8100	0.0142
31.8200	0.0236
31.8300	0.0097
31.8400	-0.0024
31.8500	-0.0089
31.8600	0.0155
31.8700	0.0433
31.8800	0.0244
31.8900	-0.0096
31.9000	-0.0082
31.9100	-0.0214
31.9200	-0.0352
31.9300	-0.0128
31.9400	0.0017
31.9500	0.0141
31.9600	-0.0019
31.9700	-0.0092
31.9800	0.0097
31.9900	0.0243
32.0000	0.0129
32.0100	0.0037
32.0200	-0.0331
32.0300	-0.0338
32.0400	0.0026
32.0500	0.0228
32.0600	0.0041
32.0700	0.0041
32.0800	0.0205
32.0900	-0.0177
32.1000	-0.0423
32.1100	-0.0057
32.1200	-0.0135
32.1300	0.0078
32.1400	0.0156
32.1500	0.0076
32.1600	-0.0171
32.1700	-0.0464
32.1800	-0.0185
32.1900	-0.0074
32.2000	-0.0141
32.2100	0.0270
32.2200	0.0398
32.2300	0.0079
32.2400	-0.0143
32.2500	-0.0177
32.2600	-0.0094
32.2700	0.0061
32.2800	0.0149
32.2900	0.0145
32.3000	-0.0223
32.3100	-0.0111
32.3200	-0.0133
32.3300	-0.0008
32.3400	0.0198
32.3500	0.0055
32.3600	-0.0126
32.3700	-0.0231
32.3800	-0.0220
32.3900	-0.0050
32.4000	0.0181
32.4100	0.0346
32.4200	0.0175
32.4300	-0.0040
32.4400	0.0010
32.4500	-0.0062
32.4600	-0.0127
32.4700	-0.0164
32.4800	-0.0077
32.4900	-0.0064
32.5000	-0.0174
32.5100	-0.0043
32.5200	0.0148
32.5300	0.0220
32.5400	0.0007
32.5500	-0.0359
32.5600	-0.0201
32.5700	-0.0178
32.5800	-0.0150
32.5900	-0.0114
32.6000	0.0020
32.6100	0.0209
32.6200	0.0281
32.6300	0.0218
32.6400	0.0076
32.6500	0.0026
32.6600	-0.0003
32.6700	-0.0059
32.6800	-0.0249
32.6900	-0.0371
32.7000	-0.0208
32.7100	0.0045
32.7200	0.0088
32.7300	-0.0019
32.7400	-0.0107
32.7500	-0.0085
32.7600	-0.0015
32.7700	-0.0044
32.7800	0.0008
32.7900	0.0155
32.8000	0.0099
32.8100	-0.0048
32.8200	-0.0094
32.8300	0.0129
32.8400	0.0244
32.8500	0.0123
32.8600	-0.0164
32.8700	-0.0169
32.8800	-0.0030
32.8900	0.0112
32.9000	0.0016
32.9100	-0.0116
32.9200	-0.0124
32.9300	-0.0124
32.9400	-0.0155
32.9500	-0.0057
32.9600	-0.0007
32.9700	0.0100
32.9800	0.0109
32.9900	0.0109
33.0000	0.0102
33.0100	0.0103
33.0200	0.0241
33.0300	-0.0008
33.0400	-0.0173
33.0500	-0.0079
33.0600	-0.0052
33.0700	0.0160
33.0800	0.0121
33.0900	-0.0061
33.1000	-0.0125
33.1100	-0.0145
33.1200	0.0018
33.1300	0.0366
33.1400	0.0296
33.1500	0.0190
33.1600	-0.0051
33.1700	-0.0087
33.1800	-0.0322
33.1900	-0.0356
33.2000	0.0048
33.2100	0.0520
33.2200	0.0077
33.2300	-0.0172
33.2400	-0.0195
33.2500	-0.0085
33.2600	0.0029
33.2700	0.0106
33.2800	0.0225
33.2900	0.0109
33.3000	-0.0067
33.3100	-0.0024
33.3200	0.0032
33.3300	-0.0156
33.3400	-0.0062
33.3500	0.0016
33.3600	0.0003
33.3700	0.0130
33.3800	0.0164
33.3900	0.0098
33.4000	-0.0235
33.4100	-0.0098
33.4200	0.0140
33.4300	0.0193
33.4400	0.0042
33.4500	-0.0120
33.4600	0.0017
33.4700	-0.0033
33.4800	0.0042
33.4900	0.0029
33.5000	0.0022
33.5100	-0.0077
33.5200	-0.0003
33.5300	0.0039
33.5400	-0.0012
33.5500	-0.0064
33.5600	0.0097
33.5700	0.0276
33.5800	-0.0002
33.5900	-0.0209
33.6000	-0.0049
33.6100	0.0187
33.6200	0.0219
33.6300	0.0051
33.6400	0.0018
33.6500	-0.0202
33.6600	0.0121
33.6700	0.0349
33.6800	0.0122
33.6900	-0.0085
33.7000	-0.0089
33.7100	0.0040
33.7200	-0.0084
33.7300	0.0065
33.7400	-0.0075
33.7500	-0.0118
33.7600	0.0004
33.7700	0.0194
33.7800	-0.0037
33.7900	-0.0173
33.8000	0.0183
33.8100	0.0127
33.8200	0.0084
33.8300	-0.0051
33.8400	0.0129
33.8500	-0.0100
33.8600	0.0062
33.8700	0.0047
33.8800	0.0020
33.8900	-0.0115
33.9000	-0.0124
33.9100	-0.0107
33.9200	-0.0108
33.9300	0.0141
33.9400	0.0005
33.9500	-0.0243
33.9600	-0.0152
33.9700	-0.0060
33.9800	0.0091
33.9900	0.0125
34.0000	0.0004
34.0100	0.0280
34.0200	0.0287
34.0300	-0.0029
34.0400	-0.0127
34.0500	0.0042
34.0600	0.0109
34.0700	0.0106
34.0800	-0.0085
34.0900	-0.0032
34.1000	0.0014
34.1100	-0.0076
34.1200	-0.0035
34.1300	0.0000
34.1400	0.0019
34.1500	-0.0083
34.1600	0.0056
34.1700	-0.0094
34.1800	-0.0212
34.1900	-0.0084
34.2000	0.0181
34.2100	0.0042
34.2200	-0.0009
34.2300	-0.0091
34.2400	-0.0111
34.2500	0.0026
34.2600	-0.0021
34.2700	0.0218
34.2800	0.0097
34.2900	-0.0049
34.3000	0.0108
34.3100	0.0130
34.3200	-0.0095
34.3300	-0.0270
34.3400	-0.0042
34.3500	0.0047
34.3600	-0.0051
34.3700	0.0014
34.3800	0.0105
34.3900	0.0012
34.4000	-0.0048
34.4100	0.0019
34.4200	-0.0064
34.4300	-0.0064
34.4400	-0.0093
34.4500	-0.0116
34.4600	-0.0139
34.4700	0.0042
34.4800	0.0186
34.4900	0.0137
34.5000	0.0123
34.5100	0.0027
34.5200	-0.0145
34.5300	-0.0099
34.5400	0.0101
34.5500	0.0308
34.5600	0.0013
34.5700	-0.0274
34.5800	-0.0038
34.5900	-0.0183
34.6000	-0.0144
34.6100	0.0031
34.6200	0.0219
34.6300	0.0096
34.6400	-0.0100
34.6500	-0.0160
34.6600	-0.0288
34.6700	-0.0066
34.6800	0.0097
34.6900	0.0157
34.7000	0.0131
34.7100	-0.0021
34.7200	-0.0073
34.7300	0.0066
34.7400	-0.0094
34.7500	-0.0282
34.7600	0.0098
34.7700	0.0287
34.7800	-0.0042
34.7900	-0.0204
34.8000	0.0052
34.8100	0.0149
34.8200	0.0189
34.8300	0.0121
34.8400	-0.0037
34.8500	-0.0115
34.8600	-0.0086
34.8700	-0.0012
34.8800	0.0095
34.8900	-0.0064
34.9000	-0.0024
34.9100	-0.0080
34.9200	-0.0113
34.9300	0.0023
34.9400	0.0086
34.9500	0.0137
34.9600	-0.0078
34.9700	-0.0035
34.9800	-0.0052
34.9900	0.0042
35.0000	0.0121
35.0100	-0.0093
35.0200	-0.0111
35.0300	-0.0115
35.0400	0.0050
35.0500	0.0178
35.0600	0.0122
35.0700	0.0065
35.0800	0.0111
35.0900	-0.0294
35.1000	-0.0030
35.1100	0.0038
35.1200	0.0066
35.1300	0.0108
35.1400	0.0042
35.1500	-0.0138
35.1600	-0.0094
35.1700	0.0019
35.1800	-0.0021
35.1900	-0.0048
35.2000	0.0057
35.2100	-0.0041
35.2200	0.0129
35.2300	0.0037
35.2400	0.0051
35.2500	0.0348
35.2600	0.0474
35.2700	-0.0311
35.2800	-0.0771
35.2900	-0.0248
35.3000	0.0190
35.3100	0.0009
35.3200	-0.0228
35.3300	-0.0380
35.3400	0.0564
35.3500	0.0704
35.3600	0.0155
35.3700	-0.0729
35.3800	-0.0511
35.3900	0.0131
35.4000	0.0926
35.4100	0.0300
35.4200	-0.0341
35.4300	-0.0670
35.4400	0.0114
35.4500	0.0708
35.4600	0.0335
35.4700	-0.0144
35.4800	-0.0850
35.4900	-0.0059
35.5000	0.0510
35.5100	0.0069
35.5200	-0.0005
35.5300	0.0225
35.5400	0.0221
35.5500	-0.0239
35.5600	-0.0245
35.5700	-0.0222
35.5800	0.0168
35.5900	-0.0193
35.6000	-0.0038
35.6100	0.0314
35.6200	0.0321
35.6300	0.0323
35.6400	-0.0073
35.6500	-0.0224
35.6600	-0.0129
35.6700	0.0159
35.6800	0.0098
35.6900	-0.0170
35.7000	-0.0344
35.7100	0.0128
35.7200	0.0119
35.7300	-0.0120
35.7400	-0.0169
35.7500	0.0138
35.7600	0.0106
35.7700	0.0142
35.7800	0.0328
35.7900	-0.0220
35.8000	-0.0404
35.8100	-0.0127
35.8200	0.0416
35.8300	0.0195
35.8400	-0.0124
35.8500	-0.0334
35.8600	-0.0244
35.8700	-0.0071
35.8800	0.0234
35.8900	0.0173
35.9000	0.0094
35.9100	-0.0064
35.9200	-0.0028
35.9300	0.0165
35.9400	-0.0181
35.9500	-0.0149
35.9600	0.0069
35.9700	0.0177
35.9800	0.0033
35.9900	-0.0324
36.0000	0.0030
36.0100	-0.0048
36.0200	-0.0122
36.0300	-0.0086
36.0400	-0.0264
36.0500	-0.0082
36.0600	0.0219
36.0700	0.0317
36.0800	0.0056
36.0900	-0.0134
36.1000	-0.0129
36.1100	-0.0392
36.1200	-0.0114
36.1300	0.0130
36.1400	0.0258
36.1500	0.0294
36.1600	0.0163
36.1700	-0.0005
36.1800	-0.0142
36.1900	-0.0063
36.2000	-0.0061
36.2100	0.0035
36.2200	0.0119
36.2300	0.0008
36.2400	-0.0233
36.2500	-0.0147
36.2600	0.0133
36.2700	0.0073
36.2800	-0.0002
36.2900	0.0185
36.3000	0.0005
36.3100	-0.0325
36.3200	-0.0116
36.3300	0.0174
36.3400	0.0030
36.3500	-0.0169
36.3600	-0.0094
36.3700	0.0077
36.3800	0.0071
36.3900	0.0125
36.4000	0.0068
36.4100	-0.0239
36.4200	-0.0174
36.4300	0.0120
36.4400	-0.0006
36.4500	-0.0103
36.4600	0.0056
36.4700	0.0135
36.4800	0.0075
36.4900	0.0103
36.5000	-0.0082
36.5100	-0.0127
36.5200	-0.0076
36.5300	-0.0072
36.5400	0.0056
36.5500	-0.0010
36.5600	-0.0123
36.5700	-0.0117
36.5800	0.0038
36.5900	0.0213
36.6000	0.0272
36.6100	0.0286
36.6200	-0.0018
36.6300	-0.0259
36.6400	-0.0028
36.6500	0.0142
36.6600	0.0128
36.6700	-0.0094
36.6800	-0.0299
36.6900	-0.0115
36.7000	0.0154
36.7100	0.0188
36.7200	-0.0081
36.7300	-0.0100
36.7400	-0.0090
36.7500	-0.0163
36.7600	-0.0058
36.7700	0.0022
36.7800	0.0122
36.7900	0.0083
36.8000	0.0057
36.8100	-0.0034
36.8200	0.0026
36.8300	0.0039
36.8400	0.0170
36.8500	0.0056
36.8600	-0.0144
36.8700	-0.0171
36.8800	0.0003
36.8900	-0.0064
36.9000	-0.0062
36.9100	0.0130
36.9200	0.0096
36.9300	-0.0072
36.9400	-0.0095
36.9500	-0.0110
36.9600	-0.0056
36.9700	0.0042
36.9800	0.0127
36.9900	0.0210
37.0000	0.0179
37.0100	0.0201
37.0200	-0.0003
37.0300	-0.0153
37.0400	-0.0075
37.0500	-0.0178
37.0600	-0.0127
37.0700	-0.0125
37.0800	0.0216
37.0900	0.0411
37.1000	0.0113
37.1100	0.0006
37.1200	-0.0082
37.1300	-0.0177
37.1400	-0.0193
37.1500	0.0095
37.1600	0.0273
37.1700	0.0091
37.1800	-0.0077
37.1900	-0.0123
37.2000	0.0057
37.2100	0.0154
37.2200	-0.0075
37.2300	-0.0126
37.2400	-0.0031
37.2500	0.0008
37.2600	-0.0048
37.2700	0.0147
37.2800	0.0141
37.2900	-0.0001
37.3000	-0.0168
37.3100	-0.0220
37.3200	-0.0095
37.3300	-0.0006
37.3400	-0.0069
37.3500	0.0070
37.3600	0.0043
37.3700	0.0017
37.3800	-0.0015
37.3900	-0.0097
37.4000	-0.0122
37.4100	0.0018
37.4200	0.0178
37.4300	0.0024
37.4400	-0.0046
37.4500	-0.0020
37.4600	-0.0080
37.4700	-0.0121
37.4800	-0.0114
37.4900	-0.0087
37.5000	0.0026
37.5100	-0.0046
37.5200	0.0093
37.5300	0.0188
37.5400	0.0202
37.5500	0.0027
37.5600	-0.0078
37.5700	0.0056
37.5800	-0.0086
37.5900	-0.0130
37.6000	-0.0235
37.6100	-0.0087
37.6200	0.0043
37.6300	0.0116
37.6400	-0.0002
37.6500	-0.0083
37.6600	-0.0009
37.6700	0.0164
37.6800	-0.0006
37.6900	-0.0023
37.7000	0.0002
37.7100	0.0088
37.7200	0.0270
37.7300	0.0049
37.7400	-0.0072
37.7500	-0.0006
37.7600	-0.0056
37.7700	0.0056
37.7800	0.0105
37.7900	0.0024
37.8000	-0.0013
37.8100	-0.0101
37.8200	0.0044
37.8300	0.0095
37.8400	-0.0233
37.8500	-0.0252
37.8600	0.0073
37.8700	0.0116
37.8800	0.0054
37.8900	0.0026
37.9000	0.0005
37.9100	0.0094
37.9200	0.0251
37.9300	0.0042
37.9400	-0.0146
37.9500	-0.0201
37.9600	-0.0098
37.9700	0.0115
37.9800	0.0232
37.9900	-0.0073
38.0000	-0.0102
38.0100	-0.0155
38.0200	-0.0163
38.0300	-0.0115
38.0400	0.0003
38.0500	0.0123
38.0600	0.0236
38.0700	0.0080
38.0800	0.0037
38.0900	-0.0103
38.1000	-0.0040
38.1100	0.0152
38.1200	0.0144
38.1300	0.0021
38.1400	-0.0064
38.1500	-0.0096
38.1600	-0.0088
38.1700	0.0129
38.1800	0.0151
38.1900	0.0080
38.2000	0.0111
38.2100	0.0136
38.2200	0.0045
38.2300	-0.0201
38.2400	-0.0100
38.2500	0.0014
38.2600	0.0046
38.2700	0.0087
38.2800	0.0313
38.2900	0.0221
38.3000	-0.0260
38.3100	-0.0177
38.3200	-0.0019
38.3300	0.0215
38.3400	0.0160
38.3500	0.0051
38.3600	-0.0022
38.3700	-0.0014
38.3800	-0.0057
38.3900	-0.0094
38.4000	0.0052
38.4100	0.0158
38.4200	0.0072
38.4300	-0.0142
38.4400	-0.0244
38.4500	-0.0191
38.4600	-0.0002
38.4700	0.0227
38.4800	0.0169
38.4900	0.0001
38.5000	-0.0081
38.5100	-0.0122
38.5200	-0.0152
38.5300	-0.0028
38.5400	0.0152
38.5500	0.0108
38.5600	0.0010
38.5700	-0.0100
38.5800	-0.0024
38.5900	-0.0127
38.6000	-0.0056
38.6100	0.0066
38.6200	0.0197
38.6300	0.0117
38.6400	-0.0008
38.6500	-0.0172
38.6600	-0.0260
38.6700	-0.0256
38.6800	-0.0053
38.6900	0.0065
38.7000	0.0263
38.7100	0.0383
38.7200	0.0300
38.7300	-0.0053
38.7400	-0.0400
38.7500	-0.0323
38.7600	-0.0011
38.7700	0.0066
38.7800	0.0132
38.7900	0.0040
38.8000	0.0044
38.8100	0.0032
38.8200	0.0010
38.8300	0.0043
38.8400	-0.0116
38.8500	-0.0088
38.8600	0.0143
38.8700	0.0236
38.8800	0.0177
38.8900	-0.0117
38.9000	-0.0204
38.9100	-0.0016
38.9200	0.0078
38.9300	0.0037
38.9400	-0.0036
38.9500	-0.0182
38.9600	0.0002
38.9700	0.0060
38.9800	0.0083
38.9900	0.0052
39.0000	-0.0029
39.0100	-0.0048
39.0200	0.0033
39.0300	-0.0043
39.0400	-0.0007
39.0500	0.0052
39.0600	0.0110
39.0700	0.0073
39.0800	0.0067
39.0900	0.0065
39.1000	-0.0026
39.1100	-0.0138
39.1200	-0.0135
39.1300	0.0043
39.1400	0.0003
39.1500	0.0082
39.1600	-0.0020
39.1700	-0.0090
39.1800	-0.0010
39.1900	0.0022
39.2000	0.0031
39.2100	-0.0042
39.2200	-0.0017
39.2300	0.0028
39.2400	0.0023
39.2500	0.0007
39.2600	-0.0031
39.2700	-0.0019
39.2800	0.0055
39.2900	0.0157
39.3000	0.0124
39.3100	0.0043
39.3200	-0.0030
39.3300	-0.0058
39.3400	-0.0117
39.3500	0.0077
39.3600	0.0146
39.3700	0.0066
39.3800	-0.0029
39.3900	-0.0044
39.4000	-0.0105
39.4100	-0.0098
39.4200	0.0066
39.4300	0.0017
39.4400	0.0008
39.4500	-0.0106
39.4600	-0.0061
39.4700	0.0045
39.4800	0.0018
39.4900	0.0128
39.5000	0.0153
39.5100	-0.0074
39.5200	-0.0087
39.5300	-0.0062
39.5400	-0.0036
39.5500	0.0058
39.5600	0.0022
39.5700	0.0198
39.5800	0.0053
39.5900	-0.0139
39.6000	-0.0070
39.6100	0.0015
39.6200	0.0066
39.6300	-0.0086
39.6400	-0.0048
39.6500	-0.0044
39.6600	-0.0019
39.6700	0.0201
39.6800	0.0106
39.6900	0.0072
39.7000	-0.0126
39.7100	-0.0089
39.7200	-0.0233
39.7300	-0.0209
39.7400	0.0020
39.7500	0.0390
39.7600	0.0334
39.7700	0.0062
39.7800	-0.0120
39.7900	-0.0029
39.8000	-0.0168
39.8100	-0.0118
39.8200	-0.0044
39.8300	-0.0023
39.8400	0.0132
39.8500	0.0129
39.8600	0.0029
39.8700	-0.0081
39.8800	-0.0017
39.8900	-0.0007
39.9000	0.0039
39.9100	0.0115
39.9200	-0.0046
39.9300	0.0014
39.9400	-0.0068
39.9500	-0.0084
39.9600	-0.0158
39.9700	-0.0037
39.9800	0.0036
39.9900	0.0015
40.0000	-0.0021
40.0100	0.0117
40.0200	0.0057
40.0300	-0.0029
40.0400	-0.0117
40.0500	-0.0125
40.0600	-0.0162
40.0700	-0.0003
40.0800	0.0262
40.0900	0.0257
40.1000	0.0089
40.1100	-0.0042
40.1200	-0.0199
40.1300	-0.0214
40.1400	-0.0079
40.1500	0.0205
40.1600	0.0267
40.1700	0.0083
40.1800	0.0008
40.1900	-0.0064
40.2000	-0.0166
40.2100	-0.0129
40.2200	-0.0020
40.2300	0.0101
40.2400	-0.0065
40.2500	-0.0052
40.2600	0.0005
40.2700	-0.0080
40.2800	-0.0021
40.2900	0.0118
40.3000	-0.0026
40.3100	-0.0069
40.3200	0.0056
40.3300	0.0253
40.3400	0.0014
40.3500	-0.0102
40.3600	-0.0077
40.3700	-0.0179
40.3800	-0.0228
40.3900	-0.0022
40.4000	0.0119
40.4100	0.0021
40.4200	0.0081
40.4300	0.0084
40.4400	-0.0075
40.4500	-0.0026
40.4600	-0.0064
40.4700	-0.0159
40.4800	-0.0036
40.4900	0.0068
40.5000	-0.0049
40.5100	-0.0013
40.5200	0.0037
40.5300	-0.0040
40.5400	-0.0082
40.5500	-0.0073
40.5600	-0.0008
40.5700	0.0000
40.5800	-0.0018
40.5900	0.0101
40.6000	0.0158
40.6100	0.0055
40.6200	0.0027
40.6300	-0.0088
40.6400	-0.0249
40.6500	-0.0006
40.6600	0.0073
40.6700	0.0012
40.6800	0.0022
40.6900	-0.0042
40.7000	-0.0150
40.7100	-0.0055
40.7200	0.0075
40.7300	0.0051
40.7400	0.0067
40.7500	0.0035
40.7600	-0.0006
40.7700	0.0068
40.7800	0.0070
40.7900	0.0085
40.8000	0.0055
40.8100	-0.0055
40.8200	0.0021
40.8300	0.0086
40.8400	-0.0075
40.8500	-0.0127
40.8600	-0.0006
40.8700	0.0148
40.8800	-0.0022
40.8900	-0.0101
40.9000	0.0079
40.9100	0.0096
40.9200	-0.0176
40.9300	-0.0155
40.9400	-0.0083
40.9500	-0.0004
40.9600	-0.0012
40.9700	-0.0011
40.9800	-0.0062
40.9900	0.0084
41.0000	0.0031
41.0100	-0.0041
41.0200	-0.0020
41.0300	0.0029
41.0400	0.0147
41.0500	0.0080
41.0600	0.0049
41.0700	-0.0107
41.0800	-0.0165
41.0900	-0.0101
41.1000	0.0175
41.1100	0.0158
41.1200	-0.0052
41.1300	-0.0120
41.1400	0.0045
41.1500	0.0095
41.1600	0.0071
41.1700	0.0063
41.1800	-0.0183
41.1900	-0.0186
41.2000	-0.0159
41.2100	-0.0025
41.2200	-0.0027
41.2300	0.0140
41.2400	0.0109
41.2500	-0.0094
41.2600	-0.0098
41.2700	-0.0036
41.2800	0.0028
41.2900	0.0246
41.3000	0.0042
41.3100	-0.0069
41.3200	-0.0078
41.3300	0.0114
41.3400	0.0085
41.3500	-0.0087
41.3600	-0.0086
41.3700	-0.0094
41.3800	-0.0063
41.3900	0.0059
41.4000	0.0120
41.4100	0.0065
41.4200	-0.0091
41.4300	-0.0061
41.4400	0.0012
41.4500	0.0077
41.4600	-0.0065
41.4700	-0.0037
41.4800	0.0103
41.4900	-0.0056
41.5000	-0.0073
41.5100	0.0002
41.5200	-0.0043
41.5300	0.0006
41.5400	-0.0035
41.5500	-0.0068
41.5600	-0.0162
41.5700	-0.0116
41.5800	0.0031
41.5900	0.0086
41.6000	0.0054
41.6100	0.0005
41.6200	0.0047
41.6300	-0.0079
41.6400	-0.0136
41.6500	-0.0015
41.6600	0.0082
41.6700	0.0075
41.6800	0.0138
41.6900	0.0073
41.7000	-0.0036
41.7100	-0.0166
41.7200	-0.0001
41.7300	0.0180
41.7400	0.0126
41.7500	0.0051
41.7600	-0.0155
41.7700	-0.0077
41.7800	-0.0021
41.7900	-0.0101
41.8000	0.0061
41.8100	0.0046
41.8200	-0.0068
41.8300	-0.0041
41.8400	0.0056
41.8500	0.0006
41.8600	-0.0001
41.8700	0.0102
41.8800	0.0140
41.8900	0.0100
41.9000	-0.0042
41.9100	-0.0027
41.9200	-0.0062
41.9300	0.0033
41.9400	-0.0083
41.9500	0.0027
41.9600	0.0028
41.9700	-0.0138
41.9800	-0.0008
41.9900	0.0095
42.0000	0.0135
42.0100	0.0118
42.0200	0.0072
42.0300	-0.0219
42.0400	-0.0179
42.0500	-0.0019
42.0600	-0.0014
42.0700	0.0101
42.0800	0.0153
42.0900	0.0189
42.1000	0.0134
42.1100	0.0020
42.1200	-0.0100
42.1300	-0.0048
42.1400	0.0012
42.1500	0.0010
42.1600	-0.0115
42.1700	0.0009
42.1800	0.0122
42.1900	0.0034
42.2000	-0.0017
42.2100	-0.0000
42.2200	-0.0060
42.2300	0.0113
42.2400	0.0108
42.2500	-0.0201
42.2600	-0.0115
42.2700	0.0000
42.2800	-0.0003
42.2900	0.0039
42.3000	0.0138
42.3100	0.0114
42.3200	0.0011
42.3300	-0.0018
42.3400	-0.0076
42.3500	-0.0131
42.3600	-0.0099
42.3700	0.0000
42.3800	0.0026
42.3900	0.0082
42.4000	-0.0001
42.4100	0.0058
42.4200	0.0050
42.4300	0.0068
42.4400	-0.0040
42.4500	-0.0013
42.4600	-0.0122
42.4700	-0.0161
42.4800	-0.0109
42.4900	-0.0027
42.5000	0.0194
42.5100	0.0162
42.5200	-0.0065
42.5300	-0.0028
42.5400	-0.0074
42.5500	-0.0100
42.5600	-0.0041
42.5700	-0.0029
42.5800	0.0068
42.5900	0.0173
42.6000	-0.0053
42.6100	-0.0091
42.6200	-0.0062
42.6300	-0.0083
42.6400	0.0126
42.6500	0.0112
42.6600	0.0033
42.6700	-0.0069
42.6800	-0.0048
42.6900	0.0117
42.7000	0.0093
42.7100	-0.0011
42.7200	-0.0055
42.7300	-0.0070
42.7400	0.0025
42.7500	-0.0042
42.7600	0.0032
42.7700	0.0114
42.7800	0.0023
42.7900	-0.0001
42.8000	-0.0060
42.8100	-0.0045
42.8200	0.0032
42.8300	-0.0033
42.8400	-0.0091
42.8500	-0.0034
42.8600	0.0082
42.8700	0.0078
42.8800	0.0037
42.8900	-0.0002
42.9000	-0.0110
42.9100	-0.0003
42.9200	0.0041
42.9300	-0.0080
42.9400	-0.0082
42.9500	0.0018
42.9600	0.0039
42.9700	0.0068
42.9800	-0.0022
42.9900	-0.0017
43.0000	-0.0032
43.0100	-0.0084
43.0200	-0.0058
43.0300	-0.0029
43.0400	0.0079
43.0500	0.0152
43.0600	0.0057
43.0700	-0.0046
43.0800	-0.0076
43.0900	-0.0025
43.1000	0.0045
43.1100	-0.0048
43.1200	-0.0088
43.1300	-0.0018
43.1400	-0.0060
43.1500	-0.0034
43.1600	0.0007
43.1700	-0.0083
43.1800	-0.0016
43.1900	0.0080
43.2000	0.0122
43.2100	0.0038
43.2200	-0.0029
43.2300	-0.0049
43.2400	-0.0010
43.2500	-0.0027
43.2600	-0.0053
43.2700	0.0074
43.2800	-0.0039
43.2900	-0.0053
43.3000	0.0034
43.3100	-0.0033
43.3200	-0.0112
43.3300	-0.0073
43.3400	0.0120
43.3500	0.0039
43.3600	0.0026
43.3700	0.0106
43.3800	0.0071
43.3900	0.0070
43.4000	-0.0015
43.4100	-0.0146
43.4200	0.0007
43.4300	0.0053
43.4400	-0.0036
43.4500	-0.0085
43.4600	-0.0088
43.4700	0.0027
43.4800	0.0044
43.4900	0.0073
43.5000	0.0131
43.5100	0.0006
43.5200	-0.0141
43.5300	-0.0059
43.5400	-0.0037
43.5500	0.0020
43.5600	-0.0030
43.5700	0.0027
43.5800	-0.0015
43.5900	0.0031
43.6000	0.0038
43.6100	0.0075
43.6200	0.0013
43.6300	0.0023
43.6400	0.0053
43.6500	-0.0073
43.6600	-0.0112
43.6700	-0.0044
43.6800	-0.0040
43.6900	0.0052
43.7000	0.0166
43.7100	0.0111
43.7200	0.0115
43.7300	-0.0017
43.7400	-0.0104
43.7500	-0.0197
43.7600	-0.0092
43.7700	0.0044
43.7800	0.0084
43.7900	0.0041
43.8000	-0.0015
43.8100	-0.0109
43.8200	-0.0146
43.8300	-0.0091
43.8400	0.0037
43.8500	0.0177
43.8600	0.0154
43.8700	0.0116
43.8800	-0.0024
43.8900	-0.0101
43.9000	0.0041
43.9100	-0.0158
43.9200	-0.0092
43.9300	0.0060
43.9400	0.0118
43.9500	0.0029
43.9600	0.0092
43.9700	-0.0048
43.9800	-0.0197
43.9900	-0.0059
44.0000	0.0043
44.0100	-0.0019
44.0200	0.0085
44.0300	-0.0003
44.0400	0.0135
44.0500	-0.0011
44.0600	-0.0023
44.0700	0.0004
44.0800	0.0004
44.0900	0.0171
44.1000	0.0099
44.1100	-0.0004
44.1200	-0.0119
44.1300	-0.0137
44.1400	-0.0064
44.1500	0.0078
44.1600	0.0052
44.1700	0.0029
44.1800	-0.0020
44.1900	-0.0030
44.2000	-0.0034
44.2100	0.0043
44.2200	-0.0023
44.2300	-0.0012
44.2400	0.0031
44.2500	-0.0026
44.2600	-0.0064
44.2700	-0.0062
44.2800	-0.0021
44.2900	-0.0012
44.3000	-0.0021
44.3100	0.0007
44.3200	0.0034
44.3300	-0.0027
44.3400	0.0015
44.3500	0.0123
44.3600	0.0011
44.3700	-0.0124
44.3800	-0.0098
44.3900	0.0207
44.4000	0.0061
44.4100	-0.0042
44.4200	-0.0050
44.4300	0.0032
44.4400	-0.0015
44.4500	-0.0032
44.4600	0.0042
44.4700	0.0074
44.4800	0.0045
44.4900	-0.0034
44.5000	0.0002
44.5100	0.0093
44.5200	0.0008
44.5300	-0.0010
44.5400	-0.0037
44.5500	-0.0054
44.5600	0.0026
44.5700	0.0080
44.5800	0.0107
44.5900	-0.0041
44.6000	-0.0065
44.6100	0.0052
44.6200	-0.0041
44.6300	-0.0135
44.6400	-0.0120
44.6500	-0.0190
44.6600	0.0013
44.6700	0.0237
44.6800	0.0107
44.6900	-0.0065
44.7000	-0.0023
44.7100	-0.0059
44.7200	0.0058
44.7300	-0.0058
44.7400	0.0052
44.7500	0.0090
44.7600	-0.0007
44.7700	-0.0125
44.7800	-0.0123
44.7900	-0.0046
44.8000	-0.0005
44.8100	0.0091
44.8200	0.0076
44.8300	-0.0068
44.8400	0.0071
44.8500	0.0066
44.8600	0.0003
44.8700	-0.0007
44.8800	-0.0066
44.8900	-0.0043
44.9000	0.0050
44.9100	0.0007
44.9200	0.0013
44.9300	0.0027
44.9400	-0.0080
44.9500	-0.0092
44.9600	0.0066
44.9700	0.0115
44.9800	0.0014
44.9900	0.0019
45.0000	-0.0012
45.0100	0.0009
45.0200	0.0009
45.0300	-0.0029
45.0400	-0.0136
45.0500	-0.0034
45.0600	-0.0090
45.0700	-0.0035
45.0800	-0.0056
45.0900	-0.0007
45.1000	0.0069
45.1100	0.0215
45.1200	0.0037
45.1300	-0.0034
45.1400	-0.0063
45.1500	-0.0052
45.1600	-0.0067
45.1700	-0.0042
45.1800	-0.0040
45.1900	-0.0054
45.2000	0.0068
45.2100	0.0121
45.2200	-0.0041
45.2300	-0.0091
45.2400	-0.0030
45.2500	0.0050
45.2600	0.0058
45.2700	0.0027
45.2800	0.0010
45.2900	-0.0037
45.3000	-0.0088
45.3100	-0.0046
45.3200	-0.0060
45.3300	-0.0014
45.3400	0.0052
45.3500	0.0078
45.3600	-0.0028
45.3700	-0.0025
45.3800	0.0038
45.3900	0.0066
45.4000	0.0104
45.4100	0.0051
45.4200	0.0042
45.4300	-0.0051
45.4400	-0.0095
45.4500	-0.0032
45.4600	-0.0015
45.4700	-0.0043
45.4800	-0.0039
45.4900	0.0017
45.5000	0.0061
45.5100	0.0076
45.5200	0.0027
45.5300	0.0068
45.5400	-0.0042
45.5500	-0.0018
45.5600	-0.0011
45.5700	0.0008
45.5800	-0.0011
45.5900	0.0030
45.6000	-0.0079
45.6100	-0.0092
45.6200	-0.0020
45.6300	0.0023
45.6400	0.0068
45.6500	0.0062
45.6600	0.0002
45.6700	0.0045
45.6800	-0.0003
45.6900	-0.0188
45.7000	-0.0087
45.7100	0.0233
45.7200	0.0012
45.7300	-0.0009
45.7400	0.0095
45.7500	-0.0130
45.7600	-0.0053
45.7700	0.0037
45.7800	0.0046
45.7900	0.0050
45.8000	0.0079
45.8100	-0.0001
45.8200	-0.0052
45.8300	-0.0061
45.8400	0.0016
45.8500	0.0107
45.8600	0.0001
45.8700	0.0030
45.8800	-0.0063
45.8900	0.0001
45.9000	-0.0034
45.9100	-0.0003
45.9200	0.0033
45.9300	0.0040
45.9400	0.0027
45.9500	0.0048
45.9600	0.0022
45.9700	-0.0068
45.9800	-0.0037
45.9900	-0.0022
46.0000	-0.0019
46.0100	0.0031
46.0200	-0.0010
46.0300	0.0062
46.0400	0.0019
46.0500	-0.0000
46.0600	-0.0014
46.0700	-0.0016
46.0800	-0.0030
46.0900	-0.0008
46.1000	-0.0040
46.1100	-0.0016
46.1200	0.0028
46.1300	0.0007
46.1400	-0.0018
46.1500	-0.0024
46.1600	0.0006
46.1700	0.0011
46.1800	0.0002
46.1900	-0.0033
46.2000	-0.0013
46.2100	0.0034
46.2200	0.0017
46.2300	-0.0044
46.2400	-0.0011
46.2500	0.0031
46.2600	0.0005
46.2700	-0.0025
46.2800	-0.0001
46.2900	-0.0021
46.3000	-0.0010
46.3100	0.0019
46.3200	0.0027
46.3300	0.0017
46.3400	-0.0011
46.3500	-0.0023
46.3600	-0.0022
46.3700	-0.0011
46.3800	0.0008
46.3900	0.0025
46.4000	0.0037
46.4100	-0.0004
46.4200	-0.0024
46.4300	-0.0009
46.4400	-0.0008
46.4500	0.0015
46.4600	0.0020
46.4700	0.0016
46.4800	0.0013
46.4900	0.0010
46.5000	-0.0003
46.5100	-0.0019
46.5200	-0.0004
46.5300	-0.0005
46.5400	0.0006
46.5500	0.0019
46.5600	0.0003
46.5700	-0.0019
46.5800	0.0001
46.5900	-0.0001
46.6000	0.0007
46.6100	-0.0006
46.6200	0.0011
46.6300	0.0006
46.6400	0.0002
46.6500	-0.0003
46.6600	-0.0009
46.6700	-0.0001
46.6800	0.0002
46.6900	0.0000
46.7000	0.0006
46.7100	0.0005
46.7200	-0.0001
46.7300	-0.0002
46.7400	0.0001
46.7500	0.0012
46.7600	0.0007
46.7700	0.0004
46.7800	-0.0004
46.7900	-0.0007
46.8000	-0.0005
46.8100	0.0002
46.8200	0.0000
46.8300	0.0003
46.8400	0.0007
46.8500	0.0004
46.8600	-0.0001
46.8700	-0.0004
46.8800	-0.0002
46.8900	0.0004
46.9000	0.0005
46.9100	0.0009
46.9200	0.0005
46.9300	0.0000
46.9400	-0.0001
46.9500	-0.0001
46.9600	-0.0000
46.9700	0.0003
46.9800	0.0002
46.9900	0.0002
47.0000	0.0000
47.0100	-0.0002
47.0200	0.0002
47.0300	0.0004
47.0400	0.0001
47.0500	0.0001
47.0600	0.0002
47.0700	-0.0001
47.0800	0.0001
47.0900	0.0001
47.1000	0.0000
47.1100	-0.0002
47.1200	0.0001
47.1300	0.0002
47.1400	0.0001
47.1500	0.0001
47.1600	0.0001
47.1700	0.0001
47.1800	0.0001
47.1900	0.0001
47.2000	0.0002
47.2100	0.0002
47.2200	0.0001
47.2300	0.0000
47.2400	0.0001
47.2500	0.0001
47.2600	0.0002
47.2700	0.0001
47.2800	0.0000
47.2900	-0.0001
47.3000	0.0001
47.3100	0.0001
47.3200	0.0000
47.3300	0.0001
47.3400	0.0001
47.3500	0.0000
47.3600	0.0001
47.3700	0.0002
47.3800	-0.0000
47.3900	-0.0000
47.4000	0.0001
47.4100	0.0001
47.4200	0.0001
47.4300	0.0001
47.4400	0.0001
47.4500	0.0000
47.4600	0.0000
47.4700	0.0000
47.4800	0.0000
47.4900	0.0000
47.5000	0.0001
47.5100	0.0001
47.5200	0.0000
47.5300	0.0000
47.5400	0.0000
47.5500	0.0000
47.5600	0.0000
47.5700	0.0000
47.5800	0.0000
47.5900	0.0000
47.6000	0.0000
47.6100	0.0000
47.6200	0.0000
47.6300	0.0000
47.6400	0.0000
47.6500	0.0000
47.6600	0.0000
47.6700	0.0000
47.6800	0.0000
47.6900	0.0000
47.7000	0.0000
47.7100	0.0000
47.7200	0.0000
47.7300	0.0000
47.7400	0.0000
47.7500	0.0000
47.7600	-0.0000
47.7700	-0.0000
47.7800	-0.0000
47.7900	-0.0000
47.8000	-0.0000
47.8100	-0.0000
47.8200	-0.0000
47.8300	-0.0000
47.8400	-0.0000
47.8500	-0.0000
47.8600	-0.0000
47.8700	-0.0000
47.8800	-0.0000
47.8900	-0.0000
47.9000	-0.0000
47.9100	-0.0000
47.9200	-0.0000
47.9300	-0.0000
47.9400	-0.0000
47.9500	-0.0000
47.9600	-0.0000
47.9700	-0.0000
47.9800	-0.0000
47.9900	-0.0000
48.0000	-0.0000
48.0100	-0.0001
48.0200	-0.0001
48.0300	-0.0001
48.0400	-0.0001
48.0500	-0.0001
48.0600	-0.0001
48.0700	-0.0001
48.0800	-0.0001
48.0900	-0.0001
