The Loma Prieta (USA) earthquake of October 18, 1989.
Source: PEER Strong Motion Database
Recording station: 090 CDMG STATION 47381
Frequency range: 0.1-40.0 Hz
Time[s] Accel[g]
0.0000	-0.0025
0.0100	-0.0025
0.0200	-0.0025
0.0300	-0.0025
0.0400	-0.0024
0.0500	-0.0024
0.0600	-0.0023
0.0700	-0.0023
0.0800	-0.0024
0.0900	-0.0024
0.1000	-0.0023
0.1100	-0.0023
0.1200	-0.0023
0.1300	-0.0023
0.1400	-0.0021
0.1500	-0.0020
0.1600	-0.0020
0.1700	-0.0022
0.1800	-0.0023
0.1900	-0.0023
0.2000	-0.0022
0.2100	-0.0021
0.2200	-0.0020
0.2300	-0.0019
0.2400	-0.0020
0.2500	-0.0021
0.2600	-0.0022
0.2700	-0.0021
0.2800	-0.0018
0.2900	-0.0015
0.3000	-0.0013
0.3100	-0.0016
0.3200	-0.0024
0.3300	-0.0028
0.3400	-0.0024
0.3500	-0.0017
0.3600	-0.0014
0.3700	-0.0014
0.3800	-0.0013
0.3900	-0.0020
0.4000	-0.0030
0.4100	-0.0030
0.4200	-0.0020
0.4300	-0.0012
0.4400	-0.0017
0.4500	-0.0025
0.4600	-0.0016
0.4700	-0.0003
0.4800	-0.0007
0.4900	-0.0021
0.5000	-0.0027
0.5100	-0.0017
0.5200	-0.0015
0.5300	-0.0020
0.5400	-0.0009
0.5500	-0.0001
0.5600	-0.0006
0.5700	-0.0018
0.5800	-0.0017
0.5900	-0.0005
0.6000	-0.0007
0.6100	-0.0011
0.6200	-0.0010
0.6300	-0.0012
0.6400	-0.0020
0.6500	-0.0023
0.6600	-0.0019
0.6700	-0.0010
0.6800	-0.0005
0.6900	-0.0011
0.7000	-0.0017
0.7100	-0.0003
0.7200	0.0013
0.7300	0.0012
0.7400	-0.0005
0.7500	-0.0013
0.7600	-0.0005
0.7700	0.0009
0.7800	0.0010
0.7900	0.0017
0.8000	0.0027
0.8100	0.0019
0.8200	-0.0006
0.8300	-0.0026
0.8400	-0.0017
0.8500	-0.0009
0.8600	-0.0023
0.8700	-0.0019
0.8800	0.0019
0.8900	0.0067
0.9000	0.0049
0.9100	-0.0034
0.9200	-0.0080
0.9300	-0.0056
0.9400	-0.0001
0.9500	0.0013
0.9600	-0.0046
0.9700	-0.0080
0.9800	0.0011
0.9900	0.0135
1.0000	0.0128
1.0100	-0.0000
1.0200	-0.0095
1.0300	-0.0038
1.0400	0.0070
1.0500	0.0079
1.0600	0.0053
1.0700	0.0087
1.0800	0.0087
1.0900	-0.0010
1.1000	-0.0072
1.1100	-0.0003
1.1200	0.0122
1.1300	0.0098
1.1400	-0.0078
1.1500	-0.0118
1.1600	-0.0021
1.1700	0.0031
1.1800	0.0034
1.1900	0.0018
1.2000	0.0022
1.2100	0.0053
1.2200	0.0062
1.2300	0.0039
1.2400	-0.0021
1.2500	-0.0099
1.2600	-0.0067
1.2700	0.0062
1.2800	0.0114
1.2900	0.0039
1.3000	-0.0090
1.3100	-0.0147
1.3200	-0.0061
1.3300	0.0080
1.3400	0.0124
1.3500	0.0060
1.3600	0.0008
1.3700	-0.0035
1.3800	-0.0092
1.3900	-0.0104
1.4000	0.0002
1.4100	0.0105
1.4200	0.0165
1.4300	0.0027
1.4400	-0.0207
1.4500	-0.0166
1.4600	0.0023
1.4700	0.0118
1.4800	0.0011
1.4900	-0.0182
1.5000	-0.0191
1.5100	-0.0022
1.5200	0.0131
1.5300	0.0173
1.5400	0.0130
1.5500	0.0031
1.5600	-0.0102
1.5700	-0.0242
1.5800	-0.0231
1.5900	0.0022
1.6000	0.0310
1.6100	0.0383
1.6200	0.0148
1.6300	-0.0080
1.6400	-0.0130
1.6500	-0.0051
1.6600	0.0007
1.6700	0.0046
1.6800	0.0109
1.6900	0.0123
1.7000	0.0048
1.7100	-0.0061
1.7200	-0.0114
1.7300	0.0093
1.7400	0.0338
1.7500	0.0382
1.7600	0.0174
1.7700	-0.0004
1.7800	0.0002
1.7900	0.0175
1.8000	0.0350
1.8100	0.0184
1.8200	-0.0233
1.8300	-0.0282
1.8400	-0.0053
1.8500	0.0151
1.8600	0.0174
1.8700	0.0004
1.8800	-0.0116
1.8900	-0.0046
1.9000	0.0103
1.9100	0.0092
1.9200	0.0091
1.9300	0.0177
1.9400	0.0251
1.9500	0.0267
1.9600	-0.0021
1.9700	-0.0310
1.9800	-0.0120
1.9900	0.0285
2.0000	0.0366
2.0100	0.0087
2.0200	-0.0182
2.0300	-0.0271
2.0400	-0.0228
2.0500	-0.0007
2.0600	0.0336
2.0700	0.0544
2.0800	0.0235
2.0900	-0.0344
2.1000	-0.0458
2.1100	-0.0117
2.1200	0.0175
2.1300	0.0200
2.1400	0.0091
2.1500	0.0019
2.1600	-0.0042
2.1700	-0.0017
2.1800	0.0049
2.1900	0.0089
2.2000	0.0120
2.2100	0.0042
2.2200	-0.0133
2.2300	-0.0312
2.2400	-0.0381
2.2500	-0.0314
2.2600	-0.0109
2.2700	0.0151
2.2800	0.0380
2.2900	0.0401
2.3000	0.0052
2.3100	-0.0220
2.3200	-0.0085
2.3300	0.0288
2.3400	0.0566
2.3500	0.0398
2.3600	-0.0137
2.3700	-0.0359
2.3800	-0.0264
2.3900	-0.0164
2.4000	-0.0110
2.4100	-0.0085
2.4200	0.0013
2.4300	0.0080
2.4400	-0.0164
2.4500	-0.0442
2.4600	-0.0212
2.4700	0.0298
2.4800	0.0585
2.4900	0.0561
2.5000	0.0277
2.5100	-0.0171
2.5200	-0.0402
2.5300	-0.0157
2.5400	0.0254
2.5500	0.0525
2.5600	0.0248
2.5700	-0.0503
2.5800	-0.0926
2.5900	-0.0405
2.6000	0.0393
2.6100	0.0555
2.6200	0.0288
2.6300	0.0154
2.6400	0.0260
2.6500	0.0151
2.6600	-0.0262
2.6700	-0.0381
2.6800	-0.0099
2.6900	0.0297
2.7000	0.0684
2.7100	0.0920
2.7200	0.0461
2.7300	-0.0643
2.7400	-0.1014
2.7500	-0.0242
2.7600	0.0318
2.7700	0.0317
2.7800	0.0157
2.7900	0.0223
2.8000	0.0479
2.8100	0.0642
2.8200	0.0695
2.8300	0.0276
2.8400	-0.0581
2.8500	-0.0771
2.8600	-0.0278
2.8700	0.0150
2.8800	0.0150
2.8900	-0.0014
2.9000	0.0123
2.9100	0.0411
2.9200	0.0508
2.9300	0.0423
2.9400	0.0416
2.9500	0.0127
2.9600	-0.0526
2.9700	-0.0665
2.9800	-0.0265
2.9900	-0.0031
3.0000	-0.0458
3.0100	-0.0955
3.0200	-0.0589
3.0300	0.0199
3.0400	0.0424
3.0500	0.0072
3.0600	-0.0112
3.0700	-0.0120
3.0800	-0.0243
3.0900	-0.0309
3.1000	-0.0314
3.1100	-0.0267
3.1200	-0.0034
3.1300	0.0391
3.1400	0.0410
3.1500	-0.0632
3.1600	-0.0933
3.1700	-0.0003
3.1800	0.0204
3.1900	0.0017
3.2000	-0.0399
3.2100	-0.0854
3.2200	-0.0999
3.2300	-0.0863
3.2400	-0.0448
3.2500	-0.0036
3.2600	0.0027
3.2700	-0.0073
3.2800	-0.0048
3.2900	-0.0087
3.3000	-0.0094
3.3100	0.0227
3.3200	0.0348
3.3300	0.0054
3.3400	-0.0323
3.3500	-0.0625
3.3600	-0.0464
3.3700	0.0035
3.3800	0.0213
3.3900	-0.0006
3.4000	-0.0316
3.4100	-0.0498
3.4200	-0.0557
3.4300	-0.0524
3.4400	-0.0540
3.4500	-0.0518
3.4600	-0.0130
3.4700	0.0483
3.4800	0.0899
3.4900	0.0641
3.5000	-0.0027
3.5100	-0.0424
3.5200	-0.0289
3.5300	-0.0090
3.5400	-0.0117
3.5500	0.0012
3.5600	0.0515
3.5700	0.0732
3.5800	0.0288
3.5900	-0.0074
3.6000	0.0229
3.6100	0.0630
3.6200	0.0230
3.6300	-0.0454
3.6400	-0.0720
3.6500	-0.0356
3.6600	-0.0059
3.6700	-0.0511
3.6800	-0.1070
3.6900	-0.1024
3.7000	-0.0590
3.7100	-0.0310
3.7200	-0.0331
3.7300	-0.0338
3.7400	-0.0067
3.7500	0.0094
3.7600	-0.0131
3.7700	-0.0351
3.7800	-0.0008
3.7900	0.0548
3.8000	0.0966
3.8100	0.1031
3.8200	0.0898
3.8300	0.0901
3.8400	0.0980
3.8500	0.1003
3.8600	0.1052
3.8700	0.1156
3.8800	0.1243
3.8900	0.1216
3.9000	0.0982
3.9100	0.0641
3.9200	0.0413
3.9300	0.0185
3.9400	-0.0125
3.9500	-0.0291
3.9600	-0.0114
3.9700	0.0350
3.9800	0.0583
3.9900	0.0227
4.0000	-0.0308
4.0100	-0.0175
4.0200	0.0204
4.0300	0.0099
4.0400	-0.0065
4.0500	0.0220
4.0600	0.0821
4.0700	0.1333
4.0800	0.1342
4.0900	0.0970
4.1000	0.0675
4.1100	0.0842
4.1200	0.1268
4.1300	0.1630
4.1400	0.1780
4.1500	0.1801
4.1600	0.1754
4.1700	0.1645
4.1800	0.1412
4.1900	0.1139
4.2000	0.1003
4.2100	0.1101
4.2200	0.1382
4.2300	0.1677
4.2400	0.1947
4.2500	0.2170
4.2600	0.2340
4.2700	0.2388
4.2800	0.2287
4.2900	0.1998
4.3000	0.1602
4.3100	0.1178
4.3200	0.0599
4.3300	0.0071
4.3400	-0.0237
4.3500	-0.0468
4.3600	-0.0676
4.3700	-0.0914
4.3800	-0.1033
4.3900	-0.0812
4.4000	-0.0418
4.4100	-0.0145
4.4200	0.0008
4.4300	-0.0009
4.4400	-0.0153
4.4500	-0.0165
4.4600	0.0022
4.4700	0.0201
4.4800	0.0259
4.4900	0.0109
4.5000	-0.0117
4.5100	-0.0332
4.5200	-0.0524
4.5300	-0.0622
4.5400	-0.0717
4.5500	-0.0810
4.5600	-0.0924
4.5700	-0.1164
4.5800	-0.1513
4.5900	-0.1829
4.6000	-0.1951
4.6100	-0.1831
4.6200	-0.1631
4.6300	-0.1671
4.6400	-0.2115
4.6500	-0.2650
4.6600	-0.2827
4.6700	-0.2780
4.6800	-0.2688
4.6900	-0.2515
4.7000	-0.2350
4.7100	-0.2103
4.7200	-0.1756
4.7300	-0.1342
4.7400	-0.0970
4.7500	-0.0873
4.7600	-0.0834
4.7700	-0.0517
4.7800	-0.0285
4.7900	-0.0388
4.8000	-0.0636
4.8100	-0.1057
4.8200	-0.1398
4.8300	-0.1008
4.8400	0.0420
4.8500	0.1452
4.8600	0.0883
4.8700	0.0479
4.8800	0.0286
4.8900	-0.0348
4.9000	-0.0879
4.9100	-0.1349
4.9200	-0.1793
4.9300	-0.2051
4.9400	-0.2124
4.9500	-0.2048
4.9600	-0.1910
4.9700	-0.1850
4.9800	-0.1851
4.9900	-0.1811
5.0000	-0.1649
5.0100	-0.1363
5.0200	-0.1011
5.0300	-0.0736
5.0400	-0.0671
5.0500	-0.0681
5.0600	-0.0581
5.0700	-0.0405
5.0800	-0.0132
5.0900	0.0308
5.1000	0.1135
5.1100	0.2379
5.1200	0.2079
5.1300	-0.0231
5.1400	-0.0364
5.1500	-0.0117
5.1600	-0.0490
5.1700	-0.0637
5.1800	-0.0868
5.1900	-0.0946
5.2000	-0.1043
5.2100	-0.1228
5.2200	-0.1373
5.2300	-0.1605
5.2400	-0.1784
5.2500	-0.1754
5.2600	-0.1333
5.2700	-0.0644
5.2800	0.0002
5.2900	0.0466
5.3000	0.0860
5.3100	0.1279
5.3200	0.1856
5.3300	0.2269
5.3400	0.1578
5.3500	-0.0291
5.3600	-0.1139
5.3700	-0.1046
5.3800	-0.0784
5.3900	-0.0058
5.4000	0.0841
5.4100	0.1785
5.4200	0.2532
5.4300	0.2978
5.4400	0.3114
5.4500	0.3199
5.4600	0.3293
5.4700	0.3104
5.4800	0.2275
5.4900	0.0900
5.5000	-0.0524
5.5100	-0.2036
5.5200	-0.2599
5.5300	-0.1833
5.5400	-0.1906
5.5500	-0.2395
5.5600	-0.2076
5.5700	-0.1799
5.5800	-0.1584
5.5900	-0.1378
5.6000	-0.1264
5.6100	-0.1149
5.6200	-0.1367
5.6300	-0.1641
5.6400	-0.1593
5.6500	-0.1317
5.6600	-0.0808
5.6700	-0.0005
5.6800	0.0899
5.6900	0.1647
5.7000	0.2195
5.7100	0.2630
5.7200	0.2928
5.7300	0.3006
5.7400	0.2684
5.7500	0.2002
5.7600	0.1279
5.7700	0.0575
5.7800	-0.0034
5.7900	-0.0453
5.8000	-0.0811
5.8100	-0.1147
5.8200	-0.1211
5.8300	-0.0822
5.8400	-0.0320
5.8500	0.0155
5.8600	0.0732
5.8700	0.1488
5.8800	0.2110
5.8900	0.2381
5.9000	0.2417
5.9100	0.2358
5.9200	0.2217
5.9300	0.2026
5.9400	0.1866
5.9500	0.1748
5.9600	0.1504
5.9700	0.0969
5.9800	0.0281
5.9900	-0.0334
6.0000	-0.0800
6.0100	-0.1227
6.0200	-0.1501
6.0300	-0.1497
6.0400	-0.1505
6.0500	-0.1415
6.0600	-0.0867
6.0700	-0.0187
6.0800	0.0261
6.0900	0.0673
6.1000	0.0984
6.1100	0.1159
6.1200	0.1174
6.1300	0.0988
6.1400	0.0662
6.1500	0.0246
6.1600	-0.0216
6.1700	-0.0708
6.1800	-0.1397
6.1900	-0.1770
6.2000	-0.1489
6.2100	-0.1194
6.2200	-0.1194
6.2300	-0.1176
6.2400	-0.1198
6.2500	-0.1338
6.2600	-0.1359
6.2700	-0.1100
6.2800	-0.0582
6.2900	0.0100
6.3000	0.0928
6.3100	0.1790
6.3200	0.2553
6.3300	0.3134
6.3400	0.3463
6.3500	0.3674
6.3600	0.3549
6.3700	0.2900
6.3800	0.1817
6.3900	0.0784
6.4000	-0.0011
6.4100	-0.0243
6.4200	0.0272
6.4300	0.0798
6.4400	0.1112
6.4500	0.1389
6.4600	0.1532
6.4700	0.1582
6.4800	0.1522
6.4900	0.1395
6.5000	0.1250
6.5100	0.1048
6.5200	0.0714
6.5300	0.0217
6.5400	-0.0311
6.5500	-0.0583
6.5600	-0.0487
6.5700	0.0062
6.5800	0.0295
6.5900	0.0125
6.6000	0.0090
6.6100	0.0141
6.6200	0.0205
6.6300	0.0296
6.6400	0.0295
6.6500	0.0145
6.6600	-0.0088
6.6700	-0.0334
6.6800	-0.0464
6.6900	-0.0455
6.7000	-0.0435
6.7100	-0.0661
6.7200	-0.0919
6.7300	-0.1102
6.7400	-0.1333
6.7500	-0.1544
6.7600	-0.1681
6.7700	-0.1749
6.7800	-0.1727
6.7900	-0.1570
6.8000	-0.1255
6.8100	-0.0747
6.8200	-0.0273
6.8300	0.0059
6.8400	0.0286
6.8500	0.0358
6.8600	0.0351
6.8700	0.0245
6.8800	-0.0005
6.8900	-0.0380
6.9000	-0.0844
6.9100	-0.1314
6.9200	-0.1656
6.9300	-0.1831
6.9400	-0.1723
6.9500	-0.1450
6.9600	-0.1155
6.9700	-0.0996
6.9800	-0.1073
6.9900	-0.1206
7.0000	-0.1114
7.0100	-0.0796
7.0200	-0.0479
7.0300	-0.0249
7.0400	-0.0168
7.0500	-0.0148
7.0600	-0.0227
7.0700	-0.0417
7.0800	-0.0696
7.0900	-0.0880
7.1000	-0.0815
7.1100	-0.0588
7.1200	-0.0305
7.1300	-0.0071
7.1400	0.0198
7.1500	0.0491
7.1600	0.0702
7.1700	0.0830
7.1800	0.0864
7.1900	0.0823
7.2000	0.0806
7.2100	0.0810
7.2200	0.0782
7.2300	0.0698
7.2400	0.0626
7.2500	0.0542
7.2600	0.0452
7.2700	0.0319
7.2800	0.0037
7.2900	-0.0370
7.3000	-0.0688
7.3100	-0.0737
7.3200	-0.0473
7.3300	-0.0156
7.3400	0.0088
7.3500	0.0323
7.3600	0.0638
7.3700	0.0907
7.3800	0.1080
7.3900	0.1146
7.4000	0.1063
7.4100	0.0916
7.4200	0.0754
7.4300	0.0597
7.4400	0.0426
7.4500	0.0224
7.4600	0.0023
7.4700	-0.0129
7.4800	-0.0324
7.4900	-0.0545
7.5000	-0.0689
7.5100	-0.0762
7.5200	-0.0701
7.5300	-0.0560
7.5400	-0.0402
7.5500	-0.0215
7.5600	0.0021
7.5700	0.0258
7.5800	0.0491
7.5900	0.0707
7.6000	0.0846
7.6100	0.0822
7.6200	0.0604
7.6300	0.0231
7.6400	-0.0077
7.6500	-0.0239
7.6600	-0.0384
7.6700	-0.0574
7.6800	-0.0818
7.6900	-0.1001
7.7000	-0.1011
7.7100	-0.0788
7.7200	-0.0486
7.7300	-0.0208
7.7400	0.0094
7.7500	0.0391
7.7600	0.0658
7.7700	0.0928
7.7800	0.1083
7.7900	0.1012
7.8000	0.0702
7.8100	0.0440
7.8200	0.0462
7.8300	0.0663
7.8400	0.0786
7.8500	0.0832
7.8600	0.0801
7.8700	0.0814
7.8800	0.0888
7.8900	0.0916
7.9000	0.0809
7.9100	0.0621
7.9200	0.0335
7.9300	-0.0043
7.9400	-0.0459
7.9500	-0.0800
7.9600	-0.0958
7.9700	-0.0874
7.9800	-0.0708
7.9900	-0.0565
8.0000	-0.0453
8.0100	-0.0322
8.0200	-0.0176
8.0300	-0.0048
8.0400	0.0010
8.0500	-0.0072
8.0600	-0.0210
8.0700	-0.0363
8.0800	-0.0473
8.0900	-0.0476
8.1000	-0.0468
8.1100	-0.0461
8.1200	-0.0477
8.1300	-0.0510
8.1400	-0.0570
8.1500	-0.0597
8.1600	-0.0465
8.1700	-0.0242
8.1800	0.0009
8.1900	0.0198
8.2000	0.0307
8.2100	0.0332
8.2200	0.0316
8.2300	0.0349
8.2400	0.0306
8.2500	0.0187
8.2600	0.0051
8.2700	-0.0107
8.2800	-0.0312
8.2900	-0.0644
8.3000	-0.0967
8.3100	-0.1154
8.3200	-0.1111
8.3300	-0.0996
8.3400	-0.0983
8.3500	-0.0975
8.3600	-0.0949
8.3700	-0.0897
8.3800	-0.0862
8.3900	-0.0890
8.4000	-0.0884
8.4100	-0.0815
8.4200	-0.0678
8.4300	-0.0571
8.4400	-0.0514
8.4500	-0.0468
8.4600	-0.0498
8.4700	-0.0545
8.4800	-0.0612
8.4900	-0.0710
8.5000	-0.0775
8.5100	-0.0854
8.5200	-0.0889
8.5300	-0.0826
8.5400	-0.0689
8.5500	-0.0466
8.5600	-0.0216
8.5700	0.0064
8.5800	0.0353
8.5900	0.0614
8.6000	0.0776
8.6100	0.0771
8.6200	0.0678
8.6300	0.0715
8.6400	0.0898
8.6500	0.1065
8.6600	0.1169
8.6700	0.1198
8.6800	0.1219
8.6900	0.1251
8.7000	0.1306
8.7100	0.1352
8.7200	0.1295
8.7300	0.1206
8.7400	0.1133
8.7500	0.1112
8.7600	0.1156
8.7700	0.1144
8.7800	0.1114
8.7900	0.1046
8.8000	0.0940
8.8100	0.0801
8.8200	0.0634
8.8300	0.0430
8.8400	0.0228
8.8500	0.0081
8.8600	0.0030
8.8700	0.0165
8.8800	0.0294
8.8900	0.0222
8.9000	0.0134
8.9100	0.0141
8.9200	0.0152
8.9300	0.0150
8.9400	0.0157
8.9500	0.0221
8.9600	0.0305
8.9700	0.0291
8.9800	0.0221
8.9900	0.0105
9.0000	0.0022
9.0100	-0.0003
9.0200	-0.0039
9.0300	-0.0092
9.0400	-0.0020
9.0500	0.0080
9.0600	0.0099
9.0700	-0.0015
9.0800	-0.0152
9.0900	-0.0272
9.1000	-0.0304
9.1100	-0.0328
9.1200	-0.0590
9.1300	-0.0905
9.1400	-0.0844
9.1500	-0.0468
9.1600	-0.0184
9.1700	0.0082
9.1800	0.0377
9.1900	0.0579
9.2000	0.0660
9.2100	0.0606
9.2200	0.0445
9.2300	0.0185
9.2400	-0.0081
9.2500	-0.0318
9.2600	-0.0543
9.2700	-0.0730
9.2800	-0.0848
9.2900	-0.0853
9.3000	-0.0752
9.3100	-0.0650
9.3200	-0.0528
9.3300	-0.0450
9.3400	-0.0384
9.3500	-0.0310
9.3600	-0.0223
9.3700	-0.0145
9.3800	-0.0076
9.3900	-0.0022
9.4000	-0.0008
9.4100	0.0000
9.4200	0.0002
9.4300	0.0061
9.4400	0.0116
9.4500	0.0103
9.4600	0.0010
9.4700	-0.0136
9.4800	-0.0331
9.4900	-0.0579
9.5000	-0.0752
9.5100	-0.0768
9.5200	-0.0718
9.5300	-0.0707
9.5400	-0.0720
9.5500	-0.0726
9.5600	-0.0673
9.5700	-0.0549
9.5800	-0.0403
9.5900	-0.0242
9.6000	-0.0095
9.6100	0.0003
9.6200	0.0078
9.6300	0.0053
9.6400	-0.0094
9.6500	-0.0287
9.6600	-0.0400
9.6700	-0.0407
9.6800	-0.0339
9.6900	-0.0218
9.7000	-0.0068
9.7100	0.0070
9.7200	0.0161
9.7300	0.0257
9.7400	0.0342
9.7500	0.0406
9.7600	0.0404
9.7700	0.0211
9.7800	-0.0054
9.7900	-0.0253
9.8000	-0.0415
9.8100	-0.0557
9.8200	-0.0651
9.8300	-0.0657
9.8400	-0.0541
9.8500	-0.0382
9.8600	-0.0274
9.8700	-0.0198
9.8800	-0.0102
9.8900	0.0038
9.9000	0.0127
9.9100	0.0125
9.9200	0.0137
9.9300	0.0241
9.9400	0.0295
9.9500	0.0326
9.9600	0.0333
9.9700	0.0330
9.9800	0.0254
9.9900	0.0101
10.0000	0.0026
10.0100	0.0080
10.0200	0.0221
10.0300	0.0421
10.0400	0.0588
10.0500	0.0667
10.0600	0.0697
10.0700	0.0674
10.0800	0.0656
10.0900	0.0685
10.1000	0.0823
10.1100	0.1036
10.1200	0.1225
10.1300	0.1261
10.1400	0.1112
10.1500	0.0825
10.1600	0.0495
10.1700	0.0212
10.1800	-0.0054
10.1900	-0.0320
10.2000	-0.0505
10.2100	-0.0551
10.2200	-0.0473
10.2300	-0.0312
10.2400	-0.0143
10.2500	0.0006
10.2600	0.0135
10.2700	0.0250
10.2800	0.0372
10.2900	0.0479
10.3000	0.0584
10.3100	0.0643
10.3200	0.0621
10.3300	0.0531
10.3400	0.0454
10.3500	0.0490
10.3600	0.0555
10.3700	0.0559
10.3800	0.0523
10.3900	0.0501
10.4000	0.0574
10.4100	0.0674
10.4200	0.0754
10.4300	0.0757
10.4400	0.0731
10.4500	0.0671
10.4600	0.0593
10.4700	0.0511
10.4800	0.0388
10.4900	0.0189
10.5000	-0.0022
10.5100	-0.0180
10.5200	-0.0316
10.5300	-0.0435
10.5400	-0.0546
10.5500	-0.0621
10.5600	-0.0621
10.5700	-0.0506
10.5800	-0.0362
10.5900	-0.0205
10.6000	-0.0070
10.6100	0.0027
10.6200	0.0092
10.6300	0.0164
10.6400	0.0210
10.6500	0.0263
10.6600	0.0351
10.6700	0.0381
10.6800	0.0354
10.6900	0.0224
10.7000	0.0021
10.7100	-0.0193
10.7200	-0.0366
10.7300	-0.0483
10.7400	-0.0513
10.7500	-0.0521
10.7600	-0.0584
10.7700	-0.0647
10.7800	-0.0629
10.7900	-0.0518
10.8000	-0.0406
10.8100	-0.0285
10.8200	-0.0168
10.8300	-0.0149
10.8400	-0.0183
10.8500	-0.0244
10.8600	-0.0302
10.8700	-0.0295
10.8800	-0.0296
10.8900	-0.0333
10.9000	-0.0410
10.9100	-0.0507
10.9200	-0.0515
10.9300	-0.0370
10.9400	-0.0128
10.9500	0.0129
10.9600	0.0317
10.9700	0.0457
10.9800	0.0506
10.9900	0.0436
11.0000	0.0275
11.0100	0.0027
11.0200	-0.0184
11.0300	-0.0290
11.0400	-0.0361
11.0500	-0.0435
11.0600	-0.0511
11.0700	-0.0565
11.0800	-0.0562
11.0900	-0.0514
11.1000	-0.0467
11.1100	-0.0439
11.1200	-0.0416
11.1300	-0.0413
11.1400	-0.0409
11.1500	-0.0374
11.1600	-0.0319
11.1700	-0.0236
11.1800	-0.0166
11.1900	-0.0133
11.2000	-0.0064
11.2100	0.0005
11.2200	-0.0006
11.2300	-0.0128
11.2400	-0.0264
11.2500	-0.0300
11.2600	-0.0235
11.2700	-0.0168
11.2800	-0.0116
11.2900	0.0011
11.3000	0.0176
11.3100	0.0274
11.3200	0.0281
11.3300	0.0172
11.3400	0.0102
11.3500	0.0049
11.3600	-0.0041
11.3700	-0.0186
11.3800	-0.0325
11.3900	-0.0397
11.4000	-0.0456
11.4100	-0.0533
11.4200	-0.0623
11.4300	-0.0607
11.4400	-0.0469
11.4500	-0.0358
11.4600	-0.0278
11.4700	-0.0158
11.4800	0.0000
11.4900	0.0122
11.5000	0.0194
11.5100	0.0233
11.5200	0.0274
11.5300	0.0317
11.5400	0.0349
11.5500	0.0388
11.5600	0.0439
11.5700	0.0513
11.5800	0.0592
11.5900	0.0623
11.6000	0.0583
11.6100	0.0473
11.6200	0.0350
11.6300	0.0269
11.6400	0.0210
11.6500	0.0155
11.6600	0.0148
11.6700	0.0211
11.6800	0.0328
11.6900	0.0468
11.7000	0.0579
11.7100	0.0613
11.7200	0.0540
11.7300	0.0451
11.7400	0.0372
11.7500	0.0291
11.7600	0.0210
11.7700	0.0167
11.7800	0.0160
11.7900	0.0203
11.8000	0.0229
11.8100	0.0244
11.8200	0.0207
11.8300	0.0152
11.8400	0.0129
11.8500	0.0160
11.8600	0.0209
11.8700	0.0227
11.8800	0.0233
11.8900	0.0300
11.9000	0.0417
11.9100	0.0526
11.9200	0.0532
11.9300	0.0500
11.9400	0.0476
11.9500	0.0403
11.9600	0.0282
11.9700	0.0150
11.9800	0.0061
11.9900	0.0023
12.0000	0.0021
12.0100	0.0013
12.0200	0.0014
12.0300	0.0044
12.0400	0.0066
12.0500	0.0013
12.0600	-0.0082
12.0700	-0.0155
12.0800	-0.0223
12.0900	-0.0277
12.1000	-0.0326
12.1100	-0.0379
12.1200	-0.0433
12.1300	-0.0446
12.1400	-0.0358
12.1500	-0.0261
12.1600	-0.0191
12.1700	-0.0156
12.1800	-0.0135
12.1900	-0.0099
12.2000	-0.0040
12.2100	-0.0015
12.2200	-0.0041
12.2300	-0.0079
12.2400	-0.0093
12.2500	-0.0053
12.2600	-0.0026
12.2700	-0.0020
12.2800	-0.0069
12.2900	-0.0121
12.3000	-0.0149
12.3100	-0.0131
12.3200	-0.0042
12.3300	0.0090
12.3400	0.0203
12.3500	0.0280
12.3600	0.0357
12.3700	0.0455
12.3800	0.0524
12.3900	0.0571
12.4000	0.0556
12.4100	0.0439
12.4200	0.0279
12.4300	0.0134
12.4400	0.0054
12.4500	0.0024
12.4600	0.0026
12.4700	0.0043
12.4800	0.0039
12.4900	0.0019
12.5000	0.0019
12.5100	0.0042
12.5200	0.0066
12.5300	0.0093
12.5400	0.0094
12.5500	0.0097
12.5600	0.0083
12.5700	0.0033
12.5800	-0.0038
12.5900	-0.0102
12.6000	-0.0169
12.6100	-0.0245
12.6200	-0.0325
12.6300	-0.0385
12.6400	-0.0372
12.6500	-0.0270
12.6600	-0.0174
12.6700	-0.0120
12.6800	-0.0062
12.6900	0.0033
12.7000	0.0161
12.7100	0.0258
12.7200	0.0275
12.7300	0.0246
12.7400	0.0186
12.7500	0.0115
12.7600	0.0021
12.7700	-0.0075
12.7800	-0.0175
12.7900	-0.0266
12.8000	-0.0375
12.8100	-0.0457
12.8200	-0.0472
12.8300	-0.0458
12.8400	-0.0488
12.8500	-0.0520
12.8600	-0.0504
12.8700	-0.0429
12.8800	-0.0362
12.8900	-0.0390
12.9000	-0.0472
12.9100	-0.0540
12.9200	-0.0542
12.9300	-0.0470
12.9400	-0.0452
12.9500	-0.0493
12.9600	-0.0572
12.9700	-0.0658
12.9800	-0.0705
12.9900	-0.0714
13.0000	-0.0669
13.0100	-0.0591
13.0200	-0.0470
13.0300	-0.0255
13.0400	-0.0016
13.0500	0.0202
13.0600	0.0424
13.0700	0.0563
13.0800	0.0686
13.0900	0.0690
13.1000	0.0599
13.1100	0.0417
13.1200	0.0232
13.1300	0.0108
13.1400	-0.0012
13.1500	-0.0125
13.1600	-0.0255
13.1700	-0.0352
13.1800	-0.0374
13.1900	-0.0351
13.2000	-0.0273
13.2100	-0.0168
13.2200	-0.0045
13.2300	0.0094
13.2400	0.0204
13.2500	0.0284
13.2600	0.0327
13.2700	0.0329
13.2800	0.0279
13.2900	0.0200
13.3000	0.0127
13.3100	0.0058
13.3200	0.0017
13.3300	-0.0001
13.3400	-0.0007
13.3500	-0.0033
13.3600	-0.0110
13.3700	-0.0180
13.3800	-0.0186
13.3900	-0.0168
13.4000	-0.0169
13.4100	-0.0136
13.4200	-0.0049
13.4300	0.0032
13.4400	0.0067
13.4500	0.0061
13.4600	0.0067
13.4700	0.0095
13.4800	0.0136
13.4900	0.0173
13.5000	0.0173
13.5100	0.0151
13.5200	0.0112
13.5300	0.0023
13.5400	-0.0021
13.5500	0.0010
13.5600	0.0049
13.5700	0.0078
13.5800	0.0114
13.5900	0.0137
13.6000	0.0171
13.6100	0.0223
13.6200	0.0286
13.6300	0.0346
13.6400	0.0412
13.6500	0.0439
13.6600	0.0429
13.6700	0.0376
13.6800	0.0315
13.6900	0.0246
13.7000	0.0173
13.7100	0.0085
13.7200	0.0007
13.7300	-0.0055
13.7400	-0.0108
13.7500	-0.0095
13.7600	-0.0050
13.7700	-0.0014
13.7800	0.0015
13.7900	0.0005
13.8000	-0.0013
13.8100	0.0033
13.8200	0.0108
13.8300	0.0202
13.8400	0.0314
13.8500	0.0417
13.8600	0.0500
13.8700	0.0512
13.8800	0.0424
13.8900	0.0228
13.9000	0.0006
13.9100	-0.0155
13.9200	-0.0230
13.9300	-0.0201
13.9400	-0.0105
13.9500	0.0009
13.9600	0.0126
13.9700	0.0182
13.9800	0.0219
13.9900	0.0233
14.0000	0.0207
14.0100	0.0175
14.0200	0.0127
14.0300	0.0176
14.0400	0.0284
14.0500	0.0372
14.0600	0.0357
14.0700	0.0240
14.0800	0.0122
14.0900	0.0005
14.1000	-0.0047
14.1100	-0.0075
14.1200	-0.0055
14.1300	-0.0058
14.1400	-0.0069
14.1500	-0.0121
14.1600	-0.0205
14.1700	-0.0281
14.1800	-0.0284
14.1900	-0.0249
14.2000	-0.0217
14.2100	-0.0236
14.2200	-0.0279
14.2300	-0.0289
14.2400	-0.0259
14.2500	-0.0167
14.2600	-0.0042
14.2700	0.0081
14.2800	0.0141
14.2900	0.0133
14.3000	0.0063
14.3100	-0.0024
14.3200	-0.0123
14.3300	-0.0187
14.3400	-0.0220
14.3500	-0.0236
14.3600	-0.0263
14.3700	-0.0281
14.3800	-0.0285
14.3900	-0.0315
14.4000	-0.0333
14.4100	-0.0317
14.4200	-0.0260
14.4300	-0.0193
14.4400	-0.0126
14.4500	-0.0092
14.4600	-0.0082
14.4700	-0.0122
14.4800	-0.0187
14.4900	-0.0282
14.5000	-0.0366
14.5100	-0.0376
14.5200	-0.0310
14.5300	-0.0208
14.5400	-0.0141
14.5500	-0.0105
14.5600	-0.0115
14.5700	-0.0173
14.5800	-0.0251
14.5900	-0.0327
14.6000	-0.0380
14.6100	-0.0360
14.6200	-0.0309
14.6300	-0.0258
14.6400	-0.0212
14.6500	-0.0185
14.6600	-0.0192
14.6700	-0.0198
14.6800	-0.0143
14.6900	-0.0087
14.7000	-0.0028
14.7100	-0.0004
14.7200	-0.0030
14.7300	-0.0054
14.7400	-0.0044
14.7500	-0.0014
14.7600	-0.0029
14.7700	-0.0067
14.7800	-0.0056
14.7900	0.0007
14.8000	0.0072
14.8100	0.0134
14.8200	0.0161
14.8300	0.0167
14.8400	0.0163
14.8500	0.0103
14.8600	0.0009
14.8700	-0.0032
14.8800	-0.0029
14.8900	-0.0000
14.9000	0.0008
14.9100	0.0002
14.9200	0.0030
14.9300	0.0100
14.9400	0.0184
14.9500	0.0220
14.9600	0.0202
14.9700	0.0206
14.9800	0.0205
14.9900	0.0133
15.0000	0.0002
15.0100	-0.0120
15.0200	-0.0220
15.0300	-0.0247
15.0400	-0.0256
15.0500	-0.0296
15.0600	-0.0333
15.0700	-0.0383
15.0800	-0.0411
15.0900	-0.0432
15.1000	-0.0431
15.1100	-0.0350
15.1200	-0.0239
15.1300	-0.0111
15.1400	-0.0033
15.1500	0.0015
15.1600	0.0099
15.1700	0.0251
15.1800	0.0428
15.1900	0.0538
15.2000	0.0583
15.2100	0.0570
15.2200	0.0527
15.2300	0.0461
15.2400	0.0360
15.2500	0.0282
15.2600	0.0240
15.2700	0.0249
15.2800	0.0284
15.2900	0.0306
15.3000	0.0323
15.3100	0.0261
15.3200	0.0193
15.3300	0.0137
15.3400	0.0097
15.3500	0.0064
15.3600	0.0024
15.3700	-0.0049
15.3800	-0.0119
15.3900	-0.0158
15.4000	-0.0195
15.4100	-0.0230
15.4200	-0.0265
15.4300	-0.0261
15.4400	-0.0236
15.4500	-0.0203
15.4600	-0.0136
15.4700	-0.0066
15.4800	0.0004
15.4900	0.0082
15.5000	0.0151
15.5100	0.0190
15.5200	0.0187
15.5300	0.0166
15.5400	0.0076
15.5500	-0.0041
15.5600	-0.0141
15.5700	-0.0241
15.5800	-0.0333
15.5900	-0.0392
15.6000	-0.0439
15.6100	-0.0489
15.6200	-0.0485
15.6300	-0.0430
15.6400	-0.0386
15.6500	-0.0336
15.6600	-0.0295
15.6700	-0.0264
15.6800	-0.0204
15.6900	-0.0121
15.7000	-0.0047
15.7100	0.0017
15.7200	0.0060
15.7300	0.0108
15.7400	0.0136
15.7500	0.0114
15.7600	0.0068
15.7700	0.0041
15.7800	0.0055
15.7900	0.0087
15.8000	0.0079
15.8100	0.0035
15.8200	-0.0011
15.8300	-0.0040
15.8400	-0.0067
15.8500	-0.0082
15.8600	-0.0119
15.8700	-0.0183
15.8800	-0.0224
15.8900	-0.0178
15.9000	-0.0073
15.9100	0.0067
15.9200	0.0187
15.9300	0.0269
15.9400	0.0312
15.9500	0.0278
15.9600	0.0233
15.9700	0.0184
15.9800	0.0133
15.9900	0.0123
16.0000	0.0188
16.0100	0.0264
16.0200	0.0302
16.0300	0.0292
16.0400	0.0209
16.0500	0.0127
16.0600	0.0063
16.0700	0.0019
16.0800	0.0025
16.0900	0.0100
16.1000	0.0191
16.1100	0.0239
16.1200	0.0271
16.1300	0.0304
16.1400	0.0326
16.1500	0.0311
16.1600	0.0234
16.1700	0.0134
16.1800	0.0012
16.1900	-0.0079
16.2000	-0.0145
16.2100	-0.0171
16.2200	-0.0122
16.2300	-0.0088
16.2400	-0.0077
16.2500	-0.0075
16.2600	-0.0027
16.2700	0.0071
16.2800	0.0191
16.2900	0.0290
16.3000	0.0349
16.3100	0.0349
16.3200	0.0378
16.3300	0.0431
16.3400	0.0454
16.3500	0.0419
16.3600	0.0342
16.3700	0.0232
16.3800	0.0093
16.3900	-0.0022
16.4000	-0.0130
16.4100	-0.0219
16.4200	-0.0274
16.4300	-0.0350
16.4400	-0.0438
16.4500	-0.0454
16.4600	-0.0370
16.4700	-0.0248
16.4800	-0.0136
16.4900	-0.0021
16.5000	0.0045
16.5100	0.0050
16.5200	0.0028
16.5300	0.0005
16.5400	0.0029
16.5500	0.0066
16.5600	0.0070
16.5700	0.0012
16.5800	-0.0014
16.5900	0.0004
16.6000	0.0030
16.6100	-0.0011
16.6200	-0.0094
16.6300	-0.0190
16.6400	-0.0253
16.6500	-0.0278
16.6600	-0.0285
16.6700	-0.0319
16.6800	-0.0396
16.6900	-0.0463
16.7000	-0.0501
16.7100	-0.0522
16.7200	-0.0527
16.7300	-0.0534
16.7400	-0.0601
16.7500	-0.0699
16.7600	-0.0756
16.7700	-0.0774
16.7800	-0.0698
16.7900	-0.0577
16.8000	-0.0457
16.8100	-0.0370
16.8200	-0.0247
16.8300	-0.0083
16.8400	0.0084
16.8500	0.0232
16.8600	0.0305
16.8700	0.0261
16.8800	0.0163
16.8900	0.0081
16.9000	0.0026
16.9100	0.0012
16.9200	0.0035
16.9300	0.0036
16.9400	0.0028
16.9500	0.0046
16.9600	0.0095
16.9700	0.0180
16.9800	0.0257
16.9900	0.0308
17.0000	0.0351
17.0100	0.0381
17.0200	0.0419
17.0300	0.0455
17.0400	0.0455
17.0500	0.0424
17.0600	0.0331
17.0700	0.0256
17.0800	0.0204
17.0900	0.0199
17.1000	0.0193
17.1100	0.0208
17.1200	0.0233
17.1300	0.0249
17.1400	0.0271
17.1500	0.0297
17.1600	0.0337
17.1700	0.0374
17.1800	0.0403
17.1900	0.0375
17.2000	0.0318
17.2100	0.0269
17.2200	0.0227
17.2300	0.0176
17.2400	0.0116
17.2500	0.0024
17.2600	-0.0075
17.2700	-0.0196
17.2800	-0.0298
17.2900	-0.0330
17.3000	-0.0286
17.3100	-0.0190
17.3200	-0.0104
17.3300	-0.0028
17.3400	0.0051
17.3500	0.0113
17.3600	0.0179
17.3700	0.0254
17.3800	0.0288
17.3900	0.0293
17.4000	0.0266
17.4100	0.0211
17.4200	0.0196
17.4300	0.0192
17.4400	0.0159
17.4500	0.0093
17.4600	0.0020
17.4700	-0.0008
17.4800	0.0016
17.4900	0.0057
17.5000	0.0076
17.5100	0.0085
17.5200	0.0079
17.5300	0.0024
17.5400	-0.0092
17.5500	-0.0165
17.5600	-0.0184
17.5700	-0.0214
17.5800	-0.0266
17.5900	-0.0308
17.6000	-0.0243
17.6100	-0.0130
17.6200	-0.0017
17.6300	0.0115
17.6400	0.0268
17.6500	0.0405
17.6600	0.0482
17.6700	0.0465
17.6800	0.0394
17.6900	0.0275
17.7000	0.0171
17.7100	0.0092
17.7200	0.0017
17.7300	-0.0050
17.7400	-0.0081
17.7500	-0.0050
17.7600	-0.0024
17.7700	-0.0062
17.7800	-0.0094
17.7900	-0.0074
17.8000	0.0001
17.8100	0.0080
17.8200	0.0096
17.8300	0.0061
17.8400	0.0027
17.8500	0.0048
17.8600	0.0103
17.8700	0.0121
17.8800	0.0088
17.8900	0.0058
17.9000	0.0021
17.9100	-0.0029
17.9200	-0.0065
17.9300	-0.0117
17.9400	-0.0179
17.9500	-0.0189
17.9600	-0.0151
17.9700	-0.0059
17.9800	0.0045
17.9900	0.0136
18.0000	0.0182
18.0100	0.0163
18.0200	0.0082
18.0300	-0.0018
18.0400	-0.0111
18.0500	-0.0201
18.0600	-0.0243
18.0700	-0.0251
18.0800	-0.0198
18.0900	-0.0127
18.1000	-0.0041
18.1100	0.0049
18.1200	0.0147
18.1300	0.0223
18.1400	0.0302
18.1500	0.0326
18.1600	0.0288
18.1700	0.0231
18.1800	0.0173
18.1900	0.0151
18.2000	0.0098
18.2100	0.0020
18.2200	-0.0014
18.2300	-0.0014
18.2400	0.0009
18.2500	0.0041
18.2600	0.0074
18.2700	0.0127
18.2800	0.0188
18.2900	0.0206
18.3000	0.0186
18.3100	0.0173
18.3200	0.0135
18.3300	0.0111
18.3400	0.0094
18.3500	0.0108
18.3600	0.0143
18.3700	0.0156
18.3800	0.0131
18.3900	0.0093
18.4000	0.0021
18.4100	-0.0080
18.4200	-0.0187
18.4300	-0.0290
18.4400	-0.0366
18.4500	-0.0409
18.4600	-0.0387
18.4700	-0.0337
18.4800	-0.0269
18.4900	-0.0221
18.5000	-0.0209
18.5100	-0.0236
18.5200	-0.0268
18.5300	-0.0294
18.5400	-0.0317
18.5500	-0.0344
18.5600	-0.0337
18.5700	-0.0353
18.5800	-0.0401
18.5900	-0.0443
18.6000	-0.0499
18.6100	-0.0546
18.6200	-0.0571
18.6300	-0.0580
18.6400	-0.0551
18.6500	-0.0510
18.6600	-0.0453
18.6700	-0.0362
18.6800	-0.0269
18.6900	-0.0163
18.7000	-0.0037
18.7100	0.0086
18.7200	0.0152
18.7300	0.0210
18.7400	0.0207
18.7500	0.0141
18.7600	0.0102
18.7700	0.0046
18.7800	0.0004
18.7900	-0.0027
18.8000	-0.0066
18.8100	-0.0095
18.8200	-0.0102
18.8300	-0.0109
18.8400	-0.0069
18.8500	-0.0013
18.8600	0.0071
18.8700	0.0166
18.8800	0.0232
18.8900	0.0280
18.9000	0.0276
18.9100	0.0279
18.9200	0.0264
18.9300	0.0234
18.9400	0.0196
18.9500	0.0136
18.9600	0.0083
18.9700	0.0046
18.9800	0.0043
18.9900	0.0072
19.0000	0.0106
19.0100	0.0135
19.0200	0.0212
19.0300	0.0303
19.0400	0.0339
19.0500	0.0376
19.0600	0.0379
19.0700	0.0359
19.0800	0.0328
19.0900	0.0248
19.1000	0.0152
19.1100	0.0052
19.1200	-0.0004
19.1300	-0.0028
19.1400	-0.0035
19.1500	-0.0039
19.1600	-0.0068
19.1700	-0.0066
19.1800	-0.0072
19.1900	-0.0088
19.2000	-0.0043
19.2100	0.0029
19.2200	0.0141
19.2300	0.0240
19.2400	0.0319
19.2500	0.0371
19.2600	0.0408
19.2700	0.0391
19.2800	0.0310
19.2900	0.0185
19.3000	0.0082
19.3100	-0.0009
19.3200	-0.0067
19.3300	-0.0120
19.3400	-0.0205
19.3500	-0.0247
19.3600	-0.0210
19.3700	-0.0144
19.3800	-0.0083
19.3900	-0.0056
19.4000	-0.0013
19.4100	0.0027
19.4200	0.0017
19.4300	-0.0013
19.4400	-0.0059
19.4500	-0.0120
19.4600	-0.0170
19.4700	-0.0221
19.4800	-0.0243
19.4900	-0.0219
19.5000	-0.0182
19.5100	-0.0142
19.5200	-0.0124
19.5300	-0.0117
19.5400	-0.0031
19.5500	0.0092
19.5600	0.0191
19.5700	0.0247
19.5800	0.0250
19.5900	0.0298
19.6000	0.0363
19.6100	0.0391
19.6200	0.0372
19.6300	0.0336
19.6400	0.0341
19.6500	0.0339
19.6600	0.0314
19.6700	0.0238
19.6800	0.0145
19.6900	0.0069
19.7000	-0.0042
19.7100	-0.0126
19.7200	-0.0146
19.7300	-0.0140
19.7400	-0.0106
19.7500	-0.0063
19.7600	-0.0050
19.7700	-0.0026
19.7800	-0.0025
19.7900	-0.0078
19.8000	-0.0169
19.8100	-0.0270
19.8200	-0.0339
19.8300	-0.0359
19.8400	-0.0340
19.8500	-0.0307
19.8600	-0.0282
19.8700	-0.0258
19.8800	-0.0243
19.8900	-0.0242
19.9000	-0.0245
19.9100	-0.0244
19.9200	-0.0248
19.9300	-0.0248
19.9400	-0.0238
19.9500	-0.0231
19.9600	-0.0203
19.9700	-0.0161
19.9800	-0.0099
19.9900	-0.0038
20.0000	0.0012
20.0100	0.0084
20.0200	0.0149
20.0300	0.0202
20.0400	0.0221
20.0500	0.0207
20.0600	0.0183
20.0700	0.0137
20.0800	0.0090
20.0900	0.0023
20.1000	-0.0034
20.1100	-0.0066
20.1200	-0.0094
20.1300	-0.0098
20.1400	-0.0098
20.1500	-0.0082
20.1600	-0.0061
20.1700	-0.0055
20.1800	-0.0044
20.1900	-0.0011
20.2000	0.0002
20.2100	0.0023
20.2200	0.0034
20.2300	0.0058
20.2400	0.0071
20.2500	0.0083
20.2600	0.0098
20.2700	0.0137
20.2800	0.0185
20.2900	0.0208
20.3000	0.0210
20.3100	0.0176
20.3200	0.0133
20.3300	0.0105
20.3400	0.0122
20.3500	0.0119
20.3600	0.0081
20.3700	0.0051
20.3800	0.0005
20.3900	-0.0045
20.4000	-0.0073
20.4100	-0.0084
20.4200	-0.0035
20.4300	0.0028
20.4400	0.0067
20.4500	0.0064
20.4600	0.0072
20.4700	0.0075
20.4800	0.0093
20.4900	0.0121
20.5000	0.0147
20.5100	0.0184
20.5200	0.0179
20.5300	0.0141
20.5400	0.0108
20.5500	0.0070
20.5600	0.0050
20.5700	0.0028
20.5800	-0.0005
20.5900	-0.0043
20.6000	-0.0071
20.6100	-0.0068
20.6200	-0.0042
20.6300	0.0029
20.6400	0.0069
20.6500	0.0057
20.6600	0.0013
20.6700	-0.0033
20.6800	-0.0088
20.6900	-0.0140
20.7000	-0.0174
20.7100	-0.0199
20.7200	-0.0234
20.7300	-0.0266
20.7400	-0.0259
20.7500	-0.0213
20.7600	-0.0159
20.7700	-0.0099
20.7800	-0.0028
20.7900	0.0047
20.8000	0.0118
20.8100	0.0165
20.8200	0.0203
20.8300	0.0207
20.8400	0.0184
20.8500	0.0143
20.8600	0.0092
20.8700	0.0034
20.8800	-0.0025
20.8900	-0.0062
20.9000	-0.0104
20.9100	-0.0138
20.9200	-0.0151
20.9300	-0.0135
20.9400	-0.0113
20.9500	-0.0126
20.9600	-0.0141
20.9700	-0.0137
20.9800	-0.0112
20.9900	-0.0056
21.0000	-0.0031
21.0100	-0.0015
21.0200	-0.0016
21.0300	-0.0031
21.0400	-0.0060
21.0500	-0.0070
21.0600	-0.0104
21.0700	-0.0153
21.0800	-0.0164
21.0900	-0.0138
21.1000	-0.0097
21.1100	-0.0049
21.1200	0.0003
21.1300	0.0040
21.1400	0.0051
21.1500	0.0048
21.1600	0.0030
21.1700	-0.0003
21.1800	-0.0048
21.1900	-0.0118
21.2000	-0.0202
21.2100	-0.0269
21.2200	-0.0347
21.2300	-0.0394
21.2400	-0.0436
21.2500	-0.0452
21.2600	-0.0448
21.2700	-0.0432
21.2800	-0.0387
21.2900	-0.0339
21.3000	-0.0277
21.3100	-0.0214
21.3200	-0.0164
21.3300	-0.0139
21.3400	-0.0123
21.3500	-0.0091
21.3600	-0.0040
21.3700	-0.0012
21.3800	0.0004
21.3900	-0.0017
21.4000	-0.0025
21.4100	0.0008
21.4200	0.0056
21.4300	0.0103
21.4400	0.0146
21.4500	0.0160
21.4600	0.0174
21.4700	0.0195
21.4800	0.0182
21.4900	0.0160
21.5000	0.0141
21.5100	0.0117
21.5200	0.0092
21.5300	0.0051
21.5400	-0.0008
21.5500	-0.0035
21.5600	-0.0045
21.5700	-0.0024
21.5800	-0.0012
21.5900	0.0006
21.6000	0.0076
21.6100	0.0081
21.6200	0.0019
21.6300	0.0020
21.6400	0.0049
21.6500	0.0086
21.6600	0.0127
21.6700	0.0171
21.6800	0.0211
21.6900	0.0252
21.7000	0.0280
21.7100	0.0281
21.7200	0.0259
21.7300	0.0223
21.7400	0.0215
21.7500	0.0241
21.7600	0.0287
21.7700	0.0317
21.7800	0.0332
21.7900	0.0306
21.8000	0.0250
21.8100	0.0199
21.8200	0.0135
21.8300	0.0096
21.8400	0.0075
21.8500	0.0045
21.8600	0.0020
21.8700	0.0021
21.8800	0.0039
21.8900	0.0051
21.9000	0.0060
21.9100	0.0038
21.9200	0.0063
21.9300	0.0082
21.9400	0.0075
21.9500	0.0080
21.9600	0.0065
21.9700	0.0051
21.9800	0.0041
21.9900	0.0017
22.0000	0.0020
22.0100	0.0037
22.0200	0.0077
22.0300	0.0118
22.0400	0.0159
22.0500	0.0190
22.0600	0.0221
22.0700	0.0232
22.0800	0.0218
22.0900	0.0178
22.1000	0.0143
22.1100	0.0110
22.1200	0.0089
22.1300	0.0057
22.1400	0.0020
22.1500	-0.0009
22.1600	-0.0032
22.1700	-0.0045
22.1800	-0.0040
22.1900	-0.0044
22.2000	-0.0038
22.2100	-0.0025
22.2200	-0.0064
22.2300	-0.0093
22.2400	-0.0136
22.2500	-0.0197
22.2600	-0.0221
22.2700	-0.0236
22.2800	-0.0209
22.2900	-0.0177
22.3000	-0.0145
22.3100	-0.0122
22.3200	-0.0098
22.3300	-0.0099
22.3400	-0.0122
22.3500	-0.0152
22.3600	-0.0179
22.3700	-0.0186
22.3800	-0.0188
22.3900	-0.0192
22.4000	-0.0175
22.4100	-0.0161
22.4200	-0.0169
22.4300	-0.0186
22.4400	-0.0211
22.4500	-0.0209
22.4600	-0.0207
22.4700	-0.0229
22.4800	-0.0241
22.4900	-0.0249
22.5000	-0.0199
22.5100	-0.0128
22.5200	-0.0044
22.5300	0.0006
22.5400	0.0057
22.5500	0.0081
22.5600	0.0085
22.5700	0.0057
22.5800	0.0006
22.5900	-0.0052
22.6000	-0.0100
22.6100	-0.0123
22.6200	-0.0120
22.6300	-0.0121
22.6400	-0.0103
22.6500	-0.0083
22.6600	-0.0042
22.6700	-0.0003
22.6800	0.0020
22.6900	0.0021
22.7000	0.0051
22.7100	0.0071
22.7200	0.0083
22.7300	0.0101
22.7400	0.0083
22.7500	0.0069
22.7600	0.0044
22.7700	0.0028
22.7800	0.0039
22.7900	0.0056
22.8000	0.0055
22.8100	0.0039
22.8200	0.0017
22.8300	-0.0018
22.8400	-0.0052
22.8500	-0.0091
22.8600	-0.0084
22.8700	-0.0091
22.8800	-0.0086
22.8900	-0.0064
22.9000	-0.0057
22.9100	-0.0051
22.9200	-0.0070
22.9300	-0.0082
22.9400	-0.0114
22.9500	-0.0128
22.9600	-0.0115
22.9700	-0.0079
22.9800	-0.0024
22.9900	0.0027
23.0000	0.0080
23.0100	0.0115
23.0200	0.0143
23.0300	0.0129
23.0400	0.0089
23.0500	0.0054
23.0600	0.0023
23.0700	-0.0018
23.0800	-0.0049
23.0900	-0.0051
23.1000	-0.0035
23.1100	-0.0010
23.1200	0.0010
23.1300	0.0029
23.1400	0.0047
23.1500	0.0052
23.1600	0.0051
23.1700	0.0055
23.1800	0.0059
23.1900	0.0055
23.2000	0.0045
23.2100	0.0033
23.2200	0.0013
23.2300	-0.0007
23.2400	-0.0030
23.2500	-0.0044
23.2600	-0.0048
23.2700	-0.0035
23.2800	-0.0018
23.2900	-0.0003
23.3000	0.0028
23.3100	0.0070
23.3200	0.0105
23.3300	0.0122
23.3400	0.0087
23.3500	0.0039
23.3600	-0.0012
23.3700	-0.0068
23.3800	-0.0118
23.3900	-0.0148
23.4000	-0.0152
23.4100	-0.0145
23.4200	-0.0108
23.4300	-0.0053
23.4400	-0.0001
23.4500	0.0042
23.4600	0.0050
23.4700	0.0058
23.4800	0.0059
23.4900	0.0078
23.5000	0.0092
23.5100	0.0117
23.5200	0.0144
23.5300	0.0160
23.5400	0.0174
23.5500	0.0192
23.5600	0.0204
23.5700	0.0203
23.5800	0.0216
23.5900	0.0222
23.6000	0.0219
23.6100	0.0230
23.6200	0.0244
23.6300	0.0250
23.6400	0.0259
23.6500	0.0262
23.6600	0.0277
23.6700	0.0293
23.6800	0.0290
23.6900	0.0268
23.7000	0.0264
23.7100	0.0252
23.7200	0.0224
23.7300	0.0213
23.7400	0.0206
23.7500	0.0198
23.7600	0.0185
23.7700	0.0163
23.7800	0.0160
23.7900	0.0162
23.8000	0.0157
23.8100	0.0134
23.8200	0.0104
23.8300	0.0083
23.8400	0.0062
23.8500	0.0057
23.8600	0.0056
23.8700	0.0052
23.8800	0.0051
23.8900	0.0057
23.9000	0.0065
23.9100	0.0060
23.9200	0.0060
23.9300	0.0055
23.9400	0.0062
23.9500	0.0066
23.9600	0.0063
23.9700	0.0048
23.9800	0.0023
23.9900	0.0005
24.0000	0.0012
24.0100	0.0008
24.0200	-0.0002
24.0300	-0.0025
24.0400	-0.0056
24.0500	-0.0098
24.0600	-0.0130
24.0700	-0.0145
24.0800	-0.0151
24.0900	-0.0157
24.1000	-0.0171
24.1100	-0.0181
24.1200	-0.0191
24.1300	-0.0188
24.1400	-0.0169
24.1500	-0.0149
24.1600	-0.0124
24.1700	-0.0102
24.1800	-0.0090
24.1900	-0.0090
24.2000	-0.0082
24.2100	-0.0081
24.2200	-0.0084
24.2300	-0.0096
24.2400	-0.0117
24.2500	-0.0133
24.2600	-0.0133
24.2700	-0.0134
24.2800	-0.0136
24.2900	-0.0135
24.3000	-0.0135
24.3100	-0.0135
24.3200	-0.0135
24.3300	-0.0136
24.3400	-0.0147
24.3500	-0.0170
24.3600	-0.0191
24.3700	-0.0225
24.3800	-0.0258
24.3900	-0.0285
24.4000	-0.0313
24.4100	-0.0332
24.4200	-0.0335
24.4300	-0.0328
24.4400	-0.0310
24.4500	-0.0284
24.4600	-0.0251
24.4700	-0.0212
24.4800	-0.0176
24.4900	-0.0152
24.5000	-0.0129
24.5100	-0.0115
24.5200	-0.0090
24.5300	-0.0047
24.5400	-0.0022
24.5500	-0.0022
24.5600	-0.0036
24.5700	-0.0067
24.5800	-0.0088
24.5900	-0.0108
24.6000	-0.0135
24.6100	-0.0130
24.6200	-0.0116
24.6300	-0.0101
24.6400	-0.0086
24.6500	-0.0070
24.6600	-0.0040
24.6700	-0.0018
24.6800	-0.0016
24.6900	-0.0002
24.7000	0.0028
24.7100	0.0033
24.7200	0.0039
24.7300	0.0035
24.7400	0.0003
24.7500	-0.0024
24.7600	-0.0048
24.7700	-0.0067
24.7800	-0.0074
24.7900	-0.0056
24.8000	-0.0039
24.8100	-0.0023
24.8200	-0.0025
24.8300	-0.0022
24.8400	-0.0005
24.8500	0.0017
24.8600	0.0043
24.8700	0.0059
24.8800	0.0093
24.8900	0.0114
24.9000	0.0118
24.9100	0.0120
24.9200	0.0108
24.9300	0.0076
24.9400	0.0012
24.9500	-0.0048
24.9600	-0.0084
24.9700	-0.0092
24.9800	-0.0071
24.9900	-0.0060
25.0000	-0.0041
25.0100	-0.0014
25.0200	0.0013
25.0300	0.0032
25.0400	0.0033
25.0500	0.0037
25.0600	0.0046
25.0700	0.0071
25.0800	0.0095
25.0900	0.0108
25.1000	0.0095
25.1100	0.0095
25.1200	0.0084
25.1300	0.0080
25.1400	0.0073
25.1500	0.0066
25.1600	0.0037
25.1700	0.0005
25.1800	-0.0019
25.1900	-0.0039
25.2000	-0.0046
25.2100	-0.0055
25.2200	-0.0047
25.2300	-0.0050
25.2400	-0.0058
25.2500	-0.0049
25.2600	-0.0042
25.2700	-0.0049
25.2800	-0.0052
25.2900	-0.0049
25.3000	-0.0046
25.3100	0.0010
25.3200	0.0055
25.3300	0.0054
25.3400	0.0083
25.3500	0.0082
25.3600	0.0069
25.3700	0.0058
25.3800	0.0049
25.3900	0.0046
25.4000	0.0060
25.4100	0.0054
25.4200	0.0033
25.4300	0.0023
25.4400	0.0004
25.4500	-0.0013
25.4600	-0.0018
25.4700	-0.0008
25.4800	0.0010
25.4900	0.0037
25.5000	0.0062
25.5100	0.0077
25.5200	0.0110
25.5300	0.0133
25.5400	0.0140
25.5500	0.0127
25.5600	0.0102
25.5700	0.0068
25.5800	0.0039
25.5900	0.0009
25.6000	0.0010
25.6100	0.0028
25.6200	0.0056
25.6300	0.0096
25.6400	0.0127
25.6500	0.0149
25.6600	0.0173
25.6700	0.0184
25.6800	0.0198
25.6900	0.0204
25.7000	0.0207
25.7100	0.0190
25.7200	0.0165
25.7300	0.0138
25.7400	0.0103
25.7500	0.0088
25.7600	0.0066
25.7700	0.0036
25.7800	0.0017
25.7900	-0.0011
25.8000	-0.0023
25.8100	-0.0019
25.8200	-0.0033
25.8300	-0.0040
25.8400	-0.0030
25.8500	-0.0023
25.8600	-0.0027
25.8700	-0.0030
25.8800	-0.0034
25.8900	-0.0039
25.9000	-0.0043
25.9100	-0.0053
25.9200	-0.0063
25.9300	-0.0093
25.9400	-0.0105
25.9500	-0.0103
25.9600	-0.0106
25.9700	-0.0084
25.9800	-0.0058
25.9900	-0.0047
26.0000	-0.0025
26.0100	-0.0015
26.0200	-0.0005
26.0300	-0.0012
26.0400	-0.0034
26.0500	-0.0028
26.0600	-0.0013
26.0700	-0.0003
26.0800	0.0001
26.0900	0.0017
26.1000	0.0014
26.1100	0.0017
26.1200	0.0024
26.1300	0.0035
26.1400	0.0047
26.1500	0.0061
26.1600	0.0060
26.1700	0.0079
26.1800	0.0083
26.1900	0.0080
26.2000	0.0081
26.2100	0.0065
26.2200	0.0050
26.2300	0.0029
26.2400	0.0027
26.2500	0.0030
26.2600	0.0050
26.2700	0.0080
26.2800	0.0102
26.2900	0.0129
26.3000	0.0146
26.3100	0.0152
26.3200	0.0148
26.3300	0.0120
26.3400	0.0090
26.3500	0.0053
26.3600	0.0033
26.3700	0.0002
26.3800	-0.0016
26.3900	-0.0026
26.4000	-0.0029
26.4100	-0.0028
26.4200	-0.0009
26.4300	0.0002
26.4400	0.0016
26.4500	0.0022
26.4600	0.0007
26.4700	0.0013
26.4800	0.0031
26.4900	0.0025
26.5000	0.0026
26.5100	0.0008
26.5200	-0.0007
26.5300	-0.0026
26.5400	-0.0039
26.5500	-0.0042
26.5600	-0.0022
26.5700	-0.0008
26.5800	-0.0002
26.5900	0.0013
26.6000	0.0030
26.6100	0.0035
26.6200	0.0044
26.6300	0.0041
26.6400	0.0039
26.6500	0.0049
26.6600	0.0058
26.6700	0.0044
26.6800	0.0028
26.6900	0.0007
26.7000	0.0020
26.7100	0.0026
26.7200	0.0030
26.7300	0.0037
26.7400	0.0040
26.7500	0.0027
26.7600	0.0026
26.7700	0.0019
26.7800	0.0025
26.7900	0.0014
26.8000	0.0000
26.8100	-0.0021
26.8200	-0.0046
26.8300	-0.0044
26.8400	-0.0046
26.8500	-0.0044
26.8600	-0.0046
26.8700	-0.0054
26.8800	-0.0071
26.8900	-0.0091
26.9000	-0.0101
26.9100	-0.0108
26.9200	-0.0106
26.9300	-0.0117
26.9400	-0.0128
26.9500	-0.0134
26.9600	-0.0157
26.9700	-0.0171
26.9800	-0.0168
26.9900	-0.0163
27.0000	-0.0152
27.0100	-0.0136
27.0200	-0.0125
27.0300	-0.0103
27.0400	-0.0079
27.0500	-0.0058
27.0600	-0.0048
27.0700	-0.0050
27.0800	-0.0049
27.0900	-0.0064
27.1000	-0.0080
27.1100	-0.0101
27.1200	-0.0120
27.1300	-0.0124
27.1400	-0.0131
27.1500	-0.0111
27.1600	-0.0102
27.1700	-0.0106
27.1800	-0.0102
27.1900	-0.0099
27.2000	-0.0089
27.2100	-0.0086
27.2200	-0.0069
27.2300	-0.0064
27.2400	-0.0041
27.2500	-0.0012
27.2600	-0.0011
27.2700	0.0001
27.2800	0.0002
27.2900	0.0004
27.3000	0.0019
27.3100	0.0017
27.3200	0.0034
27.3300	0.0050
27.3400	0.0051
27.3500	0.0077
27.3600	0.0088
27.3700	0.0108
27.3800	0.0125
27.3900	0.0121
27.4000	0.0123
27.4100	0.0123
27.4200	0.0109
27.4300	0.0088
27.4400	0.0078
27.4500	0.0067
27.4600	0.0075
27.4700	0.0083
27.4800	0.0068
27.4900	0.0060
27.5000	0.0053
27.5100	0.0047
27.5200	0.0051
27.5300	0.0069
27.5400	0.0081
27.5500	0.0093
27.5600	0.0092
27.5700	0.0094
27.5800	0.0089
27.5900	0.0064
27.6000	0.0044
27.6100	0.0032
27.6200	0.0009
27.6300	-0.0008
27.6400	-0.0013
27.6500	-0.0002
27.6600	-0.0001
27.6700	0.0005
27.6800	0.0016
27.6900	0.0011
27.7000	0.0018
27.7100	0.0028
27.7200	0.0024
27.7300	0.0014
27.7400	0.0006
27.7500	-0.0016
27.7600	-0.0032
27.7700	-0.0051
27.7800	-0.0066
27.7900	-0.0064
27.8000	-0.0050
27.8100	-0.0038
27.8200	-0.0031
27.8300	-0.0016
27.8400	-0.0010
27.8500	0.0008
27.8600	0.0029
27.8700	0.0053
27.8800	0.0087
27.8900	0.0113
27.9000	0.0131
27.9100	0.0130
27.9200	0.0116
27.9300	0.0117
27.9400	0.0106
27.9500	0.0100
27.9600	0.0084
27.9700	0.0082
27.9800	0.0095
27.9900	0.0083
28.0000	0.0082
28.0100	0.0086
28.0200	0.0082
28.0300	0.0085
28.0400	0.0073
28.0500	0.0051
28.0600	0.0040
28.0700	0.0034
28.0800	0.0022
28.0900	-0.0001
28.1000	-0.0021
28.1100	-0.0040
28.1200	-0.0078
28.1300	-0.0102
28.1400	-0.0112
28.1500	-0.0107
28.1600	-0.0095
28.1700	-0.0078
28.1800	-0.0065
28.1900	-0.0079
28.2000	-0.0080
28.2100	-0.0076
28.2200	-0.0081
28.2300	-0.0073
28.2400	-0.0063
28.2500	-0.0068
28.2600	-0.0066
28.2700	-0.0055
28.2800	-0.0050
28.2900	-0.0035
28.3000	-0.0028
28.3100	-0.0032
28.3200	-0.0029
28.3300	-0.0036
28.3400	-0.0052
28.3500	-0.0053
28.3600	-0.0059
28.3700	-0.0075
28.3800	-0.0064
28.3900	-0.0065
28.4000	-0.0075
28.4100	-0.0075
28.4200	-0.0077
28.4300	-0.0053
28.4400	-0.0032
28.4500	-0.0030
28.4600	-0.0013
28.4700	-0.0014
28.4800	-0.0015
28.4900	-0.0012
28.5000	-0.0012
28.5100	-0.0006
28.5200	-0.0008
28.5300	0.0002
28.5400	-0.0011
28.5500	0.0003
28.5600	0.0004
28.5700	-0.0000
28.5800	0.0005
28.5900	0.0018
28.6000	0.0027
28.6100	0.0025
28.6200	0.0026
28.6300	0.0026
28.6400	0.0025
28.6500	0.0025
28.6600	0.0026
28.6700	0.0026
28.6800	0.0017
28.6900	-0.0008
28.7000	-0.0010
28.7100	0.0005
28.7200	-0.0001
28.7300	0.0001
28.7400	-0.0002
28.7500	-0.0026
28.7600	-0.0039
28.7700	-0.0062
28.7800	-0.0079
28.7900	-0.0084
28.8000	-0.0097
28.8100	-0.0094
28.8200	-0.0089
28.8300	-0.0081
28.8400	-0.0076
28.8500	-0.0066
28.8600	-0.0038
28.8700	-0.0026
28.8800	0.0003
28.8900	0.0020
28.9000	0.0028
28.9100	0.0031
28.9200	0.0025
28.9300	0.0002
28.9400	0.0005
28.9500	0.0009
28.9600	-0.0000
28.9700	-0.0001
28.9800	0.0020
28.9900	0.0023
29.0000	0.0017
29.0100	0.0009
29.0200	-0.0005
29.0300	-0.0003
29.0400	-0.0002
29.0500	-0.0003
29.0600	0.0004
29.0700	0.0019
29.0800	0.0028
29.0900	0.0036
29.1000	0.0020
29.1100	0.0009
29.1200	0.0000
29.1300	0.0022
29.1400	0.0074
29.1500	0.0085
29.1600	0.0081
29.1700	0.0089
29.1800	0.0081
29.1900	0.0077
29.2000	0.0074
29.2100	0.0059
29.2200	0.0039
29.2300	0.0014
29.2400	-0.0005
29.2500	-0.0024
29.2600	-0.0027
29.2700	-0.0026
29.2800	-0.0029
29.2900	-0.0026
29.3000	-0.0023
29.3100	-0.0001
29.3200	0.0023
29.3300	0.0032
29.3400	0.0061
29.3500	0.0078
29.3600	0.0080
29.3700	0.0104
29.3800	0.0105
29.3900	0.0101
29.4000	0.0104
29.4100	0.0089
29.4200	0.0086
29.4300	0.0084
29.4400	0.0077
29.4500	0.0097
29.4600	0.0134
29.4700	0.0160
29.4800	0.0188
29.4900	0.0187
29.5000	0.0182
29.5100	0.0178
29.5200	0.0154
29.5300	0.0134
29.5400	0.0115
29.5500	0.0078
29.5600	0.0045
29.5700	-0.0000
29.5800	-0.0049
29.5900	-0.0055
29.6000	-0.0053
29.6100	-0.0039
29.6200	0.0003
29.6300	0.0020
29.6400	0.0025
29.6500	0.0040
29.6600	0.0038
29.6700	0.0028
29.6800	0.0012
29.6900	-0.0002
29.7000	0.0000
29.7100	-0.0000
29.7200	0.0020
29.7300	0.0034
29.7400	0.0050
29.7500	0.0063
29.7600	0.0055
29.7700	0.0034
29.7800	0.0010
29.7900	-0.0016
29.8000	-0.0044
29.8100	-0.0054
29.8200	-0.0051
29.8300	-0.0036
29.8400	-0.0028
29.8500	-0.0017
29.8600	0.0001
29.8700	-0.0008
29.8800	-0.0025
29.8900	-0.0038
29.9000	-0.0071
29.9100	-0.0100
29.9200	-0.0115
29.9300	-0.0117
29.9400	-0.0106
29.9500	-0.0087
29.9600	-0.0073
29.9700	-0.0063
29.9800	-0.0059
29.9900	-0.0046
30.0000	-0.0024
30.0100	-0.0025
30.0200	-0.0026
30.0300	-0.0047
30.0400	-0.0058
30.0500	-0.0042
30.0600	-0.0014
30.0700	0.0013
30.0800	0.0030
30.0900	0.0024
30.1000	-0.0002
30.1100	-0.0036
30.1200	-0.0084
30.1300	-0.0109
30.1400	-0.0131
30.1500	-0.0126
30.1600	-0.0104
30.1700	-0.0085
30.1800	-0.0069
30.1900	-0.0058
30.2000	-0.0040
30.2100	-0.0028
30.2200	-0.0032
30.2300	-0.0029
30.2400	-0.0047
30.2500	-0.0063
30.2600	-0.0072
30.2700	-0.0082
30.2800	-0.0079
30.2900	-0.0082
30.3000	-0.0090
30.3100	-0.0110
30.3200	-0.0113
30.3300	-0.0121
30.3400	-0.0119
30.3500	-0.0108
30.3600	-0.0096
30.3700	-0.0091
30.3800	-0.0081
30.3900	-0.0086
30.4000	-0.0105
30.4100	-0.0128
30.4200	-0.0158
30.4300	-0.0161
30.4400	-0.0173
30.4500	-0.0173
30.4600	-0.0158
30.4700	-0.0148
30.4800	-0.0133
30.4900	-0.0105
30.5000	-0.0072
30.5100	-0.0037
30.5200	-0.0006
30.5300	-0.0005
30.5400	-0.0003
30.5500	-0.0001
30.5600	-0.0003
30.5700	-0.0003
30.5800	-0.0003
30.5900	-0.0006
30.6000	-0.0008
30.6100	0.0002
30.6200	0.0014
30.6300	0.0027
30.6400	0.0050
30.6500	0.0083
30.6600	0.0108
30.6700	0.0118
30.6800	0.0121
30.6900	0.0098
30.7000	0.0106
30.7100	0.0103
30.7200	0.0100
30.7300	0.0084
30.7400	0.0072
30.7500	0.0060
30.7600	0.0045
30.7700	0.0052
30.7800	0.0053
30.7900	0.0069
30.8000	0.0083
30.8100	0.0089
30.8200	0.0101
30.8300	0.0100
30.8400	0.0086
30.8500	0.0067
30.8600	0.0046
30.8700	0.0030
30.8800	0.0018
30.8900	0.0007
30.9000	-0.0008
30.9100	-0.0007
30.9200	-0.0028
30.9300	-0.0037
30.9400	-0.0056
30.9500	-0.0057
30.9600	-0.0052
30.9700	-0.0041
30.9800	-0.0029
30.9900	-0.0032
31.0000	-0.0017
31.0100	-0.0000
31.0200	-0.0003
31.0300	0.0022
31.0400	0.0013
31.0500	0.0001
31.0600	0.0012
31.0700	0.0014
31.0800	0.0014
31.0900	0.0028
31.1000	0.0043
31.1100	0.0059
31.1200	0.0071
31.1300	0.0073
31.1400	0.0074
31.1500	0.0069
31.1600	0.0073
31.1700	0.0080
31.1800	0.0087
31.1900	0.0084
31.2000	0.0087
31.2100	0.0085
31.2200	0.0085
31.2300	0.0085
31.2400	0.0086
31.2500	0.0094
31.2600	0.0101
31.2700	0.0097
31.2800	0.0091
31.2900	0.0076
31.3000	0.0075
31.3100	0.0064
31.3200	0.0054
31.3300	0.0040
31.3400	0.0021
31.3500	0.0024
31.3600	0.0023
31.3700	0.0028
31.3800	0.0033
31.3900	0.0034
31.4000	0.0033
31.4100	0.0039
31.4200	0.0037
31.4300	0.0044
31.4400	0.0057
31.4500	0.0073
31.4600	0.0080
31.4700	0.0087
31.4800	0.0083
31.4900	0.0092
31.5000	0.0074
31.5100	0.0061
31.5200	0.0052
31.5300	0.0048
31.5400	0.0035
31.5500	0.0015
31.5600	-0.0006
31.5700	-0.0012
31.5800	-0.0013
31.5900	0.0004
31.6000	0.0017
31.6100	0.0041
31.6200	0.0049
31.6300	0.0059
31.6400	0.0060
31.6500	0.0057
31.6600	0.0038
31.6700	0.0007
31.6800	-0.0007
31.6900	-0.0004
31.7000	-0.0008
31.7100	0.0001
31.7200	0.0024
31.7300	0.0032
31.7400	0.0043
31.7500	0.0060
31.7600	0.0057
31.7700	0.0060
31.7800	0.0064
31.7900	0.0064
31.8000	0.0059
31.8100	0.0063
31.8200	0.0061
31.8300	0.0059
31.8400	0.0050
31.8500	0.0029
31.8600	0.0026
31.8700	0.0003
31.8800	-0.0007
31.8900	-0.0022
31.9000	-0.0021
31.9100	-0.0033
31.9200	-0.0044
31.9300	-0.0049
31.9400	-0.0043
31.9500	-0.0033
31.9600	-0.0023
31.9700	-0.0000
31.9800	0.0007
31.9900	0.0025
32.0000	0.0037
32.0100	0.0029
32.0200	0.0043
32.0300	0.0046
32.0400	0.0021
32.0500	0.0017
32.0600	0.0014
32.0700	0.0001
32.0800	0.0011
32.0900	0.0020
32.1000	0.0017
32.1100	0.0027
32.1200	0.0045
32.1300	0.0047
32.1400	0.0042
32.1500	0.0022
32.1600	-0.0003
32.1700	-0.0023
32.1800	-0.0051
32.1900	-0.0062
32.2000	-0.0078
32.2100	-0.0092
32.2200	-0.0101
32.2300	-0.0106
32.2400	-0.0116
32.2500	-0.0103
32.2600	-0.0091
32.2700	-0.0091
32.2800	-0.0083
32.2900	-0.0071
32.3000	-0.0064
32.3100	-0.0061
32.3200	-0.0061
32.3300	-0.0058
32.3400	-0.0059
32.3500	-0.0060
32.3600	-0.0082
32.3700	-0.0096
32.3800	-0.0121
32.3900	-0.0139
32.4000	-0.0136
32.4100	-0.0140
32.4200	-0.0142
32.4300	-0.0141
32.4400	-0.0141
32.4500	-0.0141
32.4600	-0.0148
32.4700	-0.0169
32.4800	-0.0170
32.4900	-0.0195
32.5000	-0.0211
32.5100	-0.0222
32.5200	-0.0218
32.5300	-0.0222
32.5400	-0.0202
32.5500	-0.0177
32.5600	-0.0167
32.5700	-0.0141
32.5800	-0.0138
32.5900	-0.0117
32.6000	-0.0107
32.6100	-0.0089
32.6200	-0.0084
32.6300	-0.0087
32.6400	-0.0084
32.6500	-0.0085
32.6600	-0.0084
32.6700	-0.0083
32.6800	-0.0072
32.6900	-0.0073
32.7000	-0.0053
32.7100	-0.0032
32.7200	-0.0020
32.7300	0.0003
32.7400	0.0029
32.7500	0.0045
32.7600	0.0045
32.7700	0.0059
32.7800	0.0065
32.7900	0.0070
32.8000	0.0074
32.8100	0.0099
32.8200	0.0096
32.8300	0.0096
32.8400	0.0099
32.8500	0.0102
32.8600	0.0100
32.8700	0.0111
32.8800	0.0129
32.8900	0.0119
32.9000	0.0124
32.9100	0.0123
32.9200	0.0122
32.9300	0.0116
32.9400	0.0094
32.9500	0.0096
32.9600	0.0096
32.9700	0.0093
32.9800	0.0100
32.9900	0.0112
33.0000	0.0119
33.0100	0.0125
33.0200	0.0132
33.0300	0.0126
33.0400	0.0120
33.0500	0.0102
33.0600	0.0095
33.0700	0.0092
33.0800	0.0065
33.0900	0.0059
33.1000	0.0049
33.1100	0.0058
33.1200	0.0050
33.1300	0.0039
33.1400	0.0043
33.1500	0.0034
33.1600	0.0028
33.1700	0.0047
33.1800	0.0070
33.1900	0.0079
33.2000	0.0089
33.2100	0.0111
33.2200	0.0119
33.2300	0.0121
33.2400	0.0121
33.2500	0.0109
33.2600	0.0092
33.2700	0.0095
33.2800	0.0070
33.2900	0.0061
33.3000	0.0043
33.3100	0.0046
33.3200	0.0038
33.3300	0.0019
33.3400	0.0014
33.3500	0.0017
33.3600	0.0014
33.3700	0.0019
33.3800	0.0031
33.3900	0.0028
33.4000	0.0039
33.4100	0.0044
33.4200	0.0048
33.4300	0.0050
33.4400	0.0044
33.4500	0.0058
33.4600	0.0057
33.4700	0.0054
33.4800	0.0045
33.4900	0.0042
33.5000	0.0021
33.5100	0.0017
33.5200	0.0021
33.5300	0.0014
33.5400	0.0016
33.5500	0.0011
33.5600	-0.0008
33.5700	-0.0009
33.5800	-0.0015
33.5900	-0.0015
33.6000	-0.0018
33.6100	-0.0041
33.6200	-0.0048
33.6300	-0.0065
33.6400	-0.0066
33.6500	-0.0076
33.6600	-0.0084
33.6700	-0.0091
33.6800	-0.0090
33.6900	-0.0082
33.7000	-0.0056
33.7100	-0.0051
33.7200	-0.0049
33.7300	-0.0045
33.7400	-0.0050
33.7500	-0.0034
33.7600	-0.0040
33.7700	-0.0060
33.7800	-0.0066
33.7900	-0.0083
33.8000	-0.0092
33.8100	-0.0088
33.8200	-0.0103
33.8300	-0.0089
33.8400	-0.0076
33.8500	-0.0053
33.8600	-0.0030
33.8700	-0.0009
33.8800	-0.0005
33.8900	0.0017
33.9000	0.0017
33.9100	0.0014
33.9200	0.0010
33.9300	-0.0003
33.9400	-0.0019
33.9500	-0.0037
33.9600	-0.0054
33.9700	-0.0063
33.9800	-0.0067
33.9900	-0.0084
34.0000	-0.0065
34.0100	-0.0051
34.0200	-0.0038
34.0300	-0.0037
34.0400	-0.0037
34.0500	-0.0023
34.0600	-0.0013
34.0700	-0.0007
34.0800	-0.0015
34.0900	-0.0011
34.1000	-0.0011
34.1100	-0.0013
34.1200	-0.0022
34.1300	-0.0025
34.1400	-0.0033
34.1500	-0.0033
34.1600	-0.0014
34.1700	-0.0010
34.1800	0.0010
34.1900	0.0019
34.2000	0.0035
34.2100	0.0060
34.2200	0.0068
34.2300	0.0067
34.2400	0.0069
34.2500	0.0047
34.2600	0.0026
34.2700	0.0017
34.2800	0.0003
34.2900	0.0004
34.3000	-0.0006
34.3100	-0.0014
34.3200	-0.0007
34.3300	-0.0007
34.3400	0.0015
34.3500	0.0025
34.3600	0.0046
34.3700	0.0045
34.3800	0.0044
34.3900	0.0047
34.4000	0.0045
34.4100	0.0042
34.4200	0.0020
34.4300	0.0011
34.4400	-0.0010
34.4500	-0.0020
34.4600	-0.0036
34.4700	-0.0032
34.4800	-0.0034
34.4900	-0.0035
34.5000	-0.0030
34.5100	-0.0009
34.5200	-0.0007
34.5300	-0.0009
34.5400	-0.0005
34.5500	0.0013
34.5600	0.0009
34.5700	-0.0014
34.5800	-0.0012
34.5900	-0.0032
34.6000	-0.0035
34.6100	-0.0033
34.6200	-0.0041
34.6300	-0.0053
34.6400	-0.0060
34.6500	-0.0066
34.6600	-0.0069
34.6700	-0.0092
34.6800	-0.0091
34.6900	-0.0089
34.7000	-0.0092
34.7100	-0.0097
34.7200	-0.0118
34.7300	-0.0122
34.7400	-0.0131
34.7500	-0.0130
34.7600	-0.0123
34.7700	-0.0117
34.7800	-0.0112
34.7900	-0.0094
34.8000	-0.0082
34.8100	-0.0065
34.8200	-0.0056
34.8300	-0.0037
34.8400	-0.0028
34.8500	-0.0001
34.8600	0.0004
34.8700	0.0013
34.8800	0.0016
34.8900	0.0014
34.9000	0.0016
34.9100	0.0015
34.9200	0.0015
34.9300	0.0016
34.9400	0.0028
34.9500	0.0028
34.9600	0.0026
34.9700	0.0028
34.9800	0.0029
34.9900	0.0042
35.0000	0.0055
35.0100	0.0066
35.0200	0.0068
35.0300	0.0068
35.0400	0.0067
35.0500	0.0055
35.0600	0.0056
35.0700	0.0047
35.0800	0.0032
35.0900	0.0031
35.1000	0.0021
35.1100	0.0014
35.1200	0.0019
35.1300	0.0015
35.1400	0.0031
35.1500	0.0049
35.1600	0.0064
35.1700	0.0088
35.1800	0.0098
35.1900	0.0117
35.2000	0.0120
35.2100	0.0123
35.2200	0.0140
35.2300	0.0129
35.2400	0.0120
35.2500	0.0089
35.2600	0.0061
35.2700	0.0057
35.2800	0.0042
35.2900	0.0033
35.3000	0.0031
35.3100	0.0032
35.3200	0.0041
35.3300	0.0043
35.3400	0.0041
35.3500	0.0043
35.3600	0.0043
35.3700	0.0038
35.3800	0.0028
35.3900	0.0020
35.4000	0.0017
35.4100	0.0017
35.4200	0.0002
35.4300	-0.0010
35.4400	-0.0010
35.4500	-0.0024
35.4600	-0.0037
35.4700	-0.0036
35.4800	-0.0038
35.4900	-0.0039
35.5000	-0.0030
35.5100	-0.0012
35.5200	-0.0016
35.5300	-0.0006
35.5400	0.0016
35.5500	0.0017
35.5600	0.0019
35.5700	0.0011
35.5800	0.0001
35.5900	-0.0013
35.6000	-0.0028
35.6100	-0.0044
35.6200	-0.0037
35.6300	-0.0036
35.6400	-0.0038
35.6500	-0.0028
35.6600	-0.0022
35.6700	-0.0033
35.6800	-0.0040
35.6900	-0.0050
35.7000	-0.0064
35.7100	-0.0064
35.7200	-0.0087
35.7300	-0.0102
35.7400	-0.0117
35.7500	-0.0114
35.7600	-0.0115
35.7700	-0.0117
35.7800	-0.0120
35.7900	-0.0130
35.8000	-0.0117
35.8100	-0.0116
35.8200	-0.0115
35.8300	-0.0107
35.8400	-0.0094
35.8500	-0.0088
35.8600	-0.0092
35.8700	-0.0095
35.8800	-0.0113
35.8900	-0.0115
35.9000	-0.0116
35.9100	-0.0103
35.9200	-0.0094
35.9300	-0.0098
35.9400	-0.0079
35.9500	-0.0056
35.9600	-0.0045
35.9700	-0.0030
35.9800	-0.0012
35.9900	0.0002
36.0000	0.0014
36.0100	0.0017
36.0200	0.0035
36.0300	0.0028
36.0400	0.0025
36.0500	0.0023
36.0600	0.0029
36.0700	0.0029
36.0800	0.0039
36.0900	0.0043
36.1000	0.0055
36.1100	0.0080
36.1200	0.0102
36.1300	0.0130
36.1400	0.0152
36.1500	0.0170
36.1600	0.0172
36.1700	0.0172
36.1800	0.0169
36.1900	0.0168
36.2000	0.0173
36.2100	0.0157
36.2200	0.0145
36.2300	0.0145
36.2400	0.0144
36.2500	0.0142
36.2600	0.0142
36.2700	0.0142
36.2800	0.0141
36.2900	0.0150
36.3000	0.0145
36.3100	0.0133
36.3200	0.0119
36.3300	0.0110
36.3400	0.0091
36.3500	0.0078
36.3600	0.0053
36.3700	0.0028
36.3800	0.0012
36.3900	0.0003
36.4000	-0.0016
36.4100	-0.0021
36.4200	-0.0019
36.4300	-0.0022
36.4400	-0.0021
36.4500	-0.0018
36.4600	0.0003
36.4700	0.0004
36.4800	-0.0011
36.4900	-0.0023
36.5000	-0.0036
36.5100	-0.0054
36.5200	-0.0071
36.5300	-0.0078
36.5400	-0.0092
36.5500	-0.0095
36.5600	-0.0075
36.5700	-0.0069
36.5800	-0.0073
36.5900	-0.0061
36.6000	-0.0060
36.6100	-0.0052
36.6200	-0.0041
36.6300	-0.0043
36.6400	-0.0042
36.6500	-0.0041
36.6600	-0.0044
36.6700	-0.0049
36.6800	-0.0056
36.6900	-0.0067
36.7000	-0.0060
36.7100	-0.0052
36.7200	-0.0056
36.7300	-0.0051
36.7400	-0.0040
36.7500	-0.0043
36.7600	-0.0027
36.7700	-0.0014
36.7800	-0.0020
36.7900	-0.0005
36.8000	-0.0003
36.8100	-0.0010
36.8200	-0.0016
36.8300	-0.0014
36.8400	-0.0015
36.8500	-0.0019
36.8600	-0.0037
36.8700	-0.0037
36.8800	-0.0036
36.8900	-0.0038
36.9000	-0.0037
36.9100	-0.0048
36.9200	-0.0037
36.9300	-0.0035
36.9400	-0.0038
36.9500	-0.0034
36.9600	-0.0041
36.9700	-0.0059
36.9800	-0.0055
36.9900	-0.0070
37.0000	-0.0079
37.0100	-0.0087
37.0200	-0.0099
37.0300	-0.0092
37.0400	-0.0093
37.0500	-0.0093
37.0600	-0.0091
37.0700	-0.0090
37.0800	-0.0096
37.0900	-0.0108
37.1000	-0.0104
37.1100	-0.0097
37.1200	-0.0085
37.1300	-0.0078
37.1400	-0.0079
37.1500	-0.0074
37.1600	-0.0066
37.1700	-0.0053
37.1800	-0.0059
37.1900	-0.0065
37.2000	-0.0047
37.2100	-0.0053
37.2200	-0.0065
37.2300	-0.0062
37.2400	-0.0061
37.2500	-0.0050
37.2600	-0.0041
37.2700	-0.0042
37.2800	-0.0032
37.2900	-0.0020
37.3000	-0.0016
37.3100	0.0000
37.3200	0.0003
37.3300	0.0002
37.3400	0.0005
37.3500	0.0009
37.3600	0.0025
37.3700	0.0021
37.3800	0.0015
37.3900	0.0012
37.4000	0.0005
37.4100	0.0007
37.4200	0.0007
37.4300	0.0009
37.4400	0.0026
37.4500	0.0024
37.4600	0.0025
37.4700	0.0027
37.4800	0.0026
37.4900	0.0026
37.5000	0.0030
37.5100	0.0040
37.5200	0.0043
37.5300	0.0042
37.5400	0.0043
37.5500	0.0050
37.5600	0.0062
37.5700	0.0055
37.5800	0.0058
37.5900	0.0057
37.6000	0.0048
37.6100	0.0040
37.6200	0.0040
37.6300	0.0039
37.6400	0.0038
37.6500	0.0039
37.6600	0.0038
37.6700	0.0036
37.6800	0.0025
37.6900	0.0030
37.7000	0.0035
37.7100	0.0036
37.7200	0.0036
37.7300	0.0036
37.7400	0.0036
37.7500	0.0036
37.7600	0.0034
37.7700	0.0021
37.7800	0.0021
37.7900	0.0022
37.8000	0.0017
37.8100	0.0010
37.8200	0.0010
37.8300	0.0013
37.8400	0.0017
37.8500	0.0021
37.8600	0.0020
37.8700	0.0023
37.8800	0.0028
37.8900	0.0029
37.9000	0.0035
37.9100	0.0033
37.9200	0.0033
37.9300	0.0033
37.9400	0.0032
37.9500	0.0032
37.9600	0.0031
37.9700	0.0031
37.9800	0.0035
37.9900	0.0044
38.0000	0.0040
38.0100	0.0045
38.0200	0.0046
38.0300	0.0038
38.0400	0.0040
38.0500	0.0041
38.0600	0.0049
38.0700	0.0048
38.0800	0.0044
38.0900	0.0036
38.1000	0.0034
38.1100	0.0026
38.1200	0.0020
38.1300	0.0023
38.1400	0.0020
38.1500	0.0020
38.1600	0.0020
38.1700	0.0020
38.1800	0.0022
38.1900	0.0024
38.2000	0.0029
38.2100	0.0027
38.2200	0.0026
38.2300	0.0026
38.2400	0.0025
38.2500	0.0024
38.2600	0.0024
38.2700	0.0023
38.2800	0.0022
38.2900	0.0021
38.3000	0.0021
38.3100	0.0020
38.3200	0.0019
38.3300	0.0019
38.3400	0.0018
38.3500	0.0016
38.3600	0.0009
38.3700	0.0008
38.3800	0.0003
38.3900	-0.0002
38.4000	0.0001
38.4100	-0.0001
38.4200	-0.0001
38.4300	-0.0001
38.4400	-0.0001
38.4500	-0.0002
38.4600	-0.0002
38.4700	-0.0002
38.4800	-0.0003
38.4900	-0.0008
38.5000	-0.0005
38.5100	-0.0001
38.5200	-0.0002
38.5300	0.0004
38.5400	0.0004
38.5500	0.0002
38.5600	-0.0001
38.5700	-0.0003
38.5800	-0.0005
38.5900	-0.0009
38.6000	-0.0009
38.6100	-0.0013
38.6200	-0.0012
38.6300	-0.0015
38.6400	-0.0016
38.6500	-0.0014
38.6600	-0.0017
38.6700	-0.0018
38.6800	-0.0017
38.6900	-0.0016
38.7000	-0.0016
38.7100	-0.0015
38.7200	-0.0014
38.7300	-0.0013
38.7400	-0.0012
38.7500	-0.0012
38.7600	-0.0009
38.7700	-0.0009
38.7800	-0.0010
38.7900	-0.0008
38.8000	-0.0005
38.8100	-0.0005
38.8200	-0.0004
38.8300	-0.0001
38.8400	-0.0001
38.8500	-0.0001
38.8600	-0.0001
38.8700	-0.0001
38.8800	-0.0000
38.8900	0.0000
38.9000	0.0000
38.9100	0.0000
38.9200	0.0001
38.9300	0.0002
38.9400	0.0003
38.9500	0.0002
38.9600	0.0003
38.9700	0.0003
38.9800	0.0002
38.9900	0.0001
39.0000	0.0002
39.0100	0.0001
39.0200	0.0002
39.0300	0.0002
39.0400	0.0001
39.0500	0.0000
39.0600	0.0001
39.0700	-0.0001
39.0800	-0.0001
39.0900	-0.0001
39.1000	-0.0001
39.1100	-0.0000
39.1200	0.0000
39.1300	0.0001
39.1400	0.0001
39.1500	0.0002
39.1600	0.0002
39.1700	0.0003
39.1800	0.0003
39.1900	0.0003
39.2000	0.0004
39.2100	0.0004
39.2200	0.0004
39.2300	0.0005
39.2400	0.0005
39.2500	0.0005
39.2600	0.0005
39.2700	0.0005
39.2800	0.0004
39.2900	0.0004
39.3000	0.0004
39.3100	0.0004
39.3200	0.0003
39.3300	0.0003
39.3400	0.0002
39.3500	0.0002
39.3600	0.0001
39.3700	0.0001
39.3800	0.0001
39.3900	0.0001
39.4000	0.0001
39.4100	0.0000
39.4200	0.0000
39.4300	0.0000
39.4400	0.0000
39.4500	-0.0000
39.4600	-0.0000
39.4700	-0.0000
39.4800	-0.0001
39.4900	-0.0001
39.5000	-0.0001
39.5100	-0.0001
39.5200	-0.0001
39.5300	-0.0001
39.5400	-0.0001
39.5500	-0.0002
39.5600	-0.0002
39.5700	-0.0002
39.5800	-0.0002
39.5900	-0.0002
39.6000	-0.0002
39.6100	-0.0002
39.6200	-0.0002
39.6300	-0.0002
39.6400	-0.0002
39.6500	-0.0003
39.6600	-0.0003
39.6700	-0.0003
39.6800	-0.0003
39.6900	-0.0003
39.7000	-0.0003
39.7100	-0.0003
39.7200	-0.0003
39.7300	-0.0003
39.7400	-0.0003
39.7500	-0.0003
39.7600	-0.0003
39.7700	-0.0003
39.7800	-0.0003
39.7900	-0.0003
39.8000	-0.0003
39.8100	-0.0003
39.8200	-0.0003
39.8300	-0.0003
39.8400	-0.0003
39.8500	-0.0003
39.8600	-0.0003
39.8700	-0.0003
39.8800	-0.0003
39.8900	-0.0003
39.9000	-0.0003
