The Trinidad (USA) earthquake of August 24, 1983.
Source: PEER Strong Motion Database
Recording station: 090 CDMG STATION 1498
Frequency range: 0.15-30.0 Hz
Time[s] Accel[g]
0.0000	-0.0000
0.0100	-0.0000
0.0200	-0.0000
0.0300	-0.0001
0.0400	-0.0001
0.0500	-0.0001
0.0600	-0.0000
0.0700	0.0000
0.0800	0.0000
0.0900	0.0000
0.1000	0.0000
0.1100	0.0001
0.1200	0.0003
0.1300	0.0004
0.1400	0.0004
0.1500	0.0003
0.1600	0.0002
0.1700	0.0002
0.1800	0.0001
0.1900	-0.0001
0.2000	-0.0003
0.2100	-0.0004
0.2200	-0.0005
0.2300	-0.0004
0.2400	-0.0001
0.2500	0.0001
0.2600	-0.0000
0.2700	-0.0005
0.2800	-0.0008
0.2900	-0.0008
0.3000	-0.0007
0.3100	-0.0003
0.3200	0.0006
0.3300	0.0015
0.3400	0.0017
0.3500	0.0013
0.3600	0.0008
0.3700	0.0005
0.3800	0.0003
0.3900	-0.0001
0.4000	-0.0011
0.4100	-0.0020
0.4200	-0.0023
0.4300	-0.0015
0.4400	-0.0000
0.4500	0.0008
0.4600	0.0007
0.4700	0.0006
0.4800	0.0010
0.4900	0.0021
0.5000	0.0032
0.5100	0.0027
0.5200	0.0005
0.5300	-0.0015
0.5400	-0.0029
0.5500	-0.0037
0.5600	-0.0030
0.5700	0.0001
0.5800	0.0043
0.5900	0.0071
0.6000	0.0055
0.6100	0.0005
0.6200	-0.0049
0.6300	-0.0069
0.6400	-0.0055
0.6500	-0.0025
0.6600	-0.0006
0.6700	-0.0013
0.6800	-0.0032
0.6900	-0.0045
0.7000	-0.0038
0.7100	-0.0023
0.7200	-0.0018
0.7300	-0.0023
0.7400	-0.0019
0.7500	-0.0002
0.7600	0.0015
0.7700	0.0037
0.7800	0.0073
0.7900	0.0113
0.8000	0.0133
0.8100	0.0128
0.8200	0.0097
0.8300	0.0045
0.8400	-0.0007
0.8500	-0.0052
0.8600	-0.0073
0.8700	-0.0058
0.8800	-0.0014
0.8900	0.0044
0.9000	0.0080
0.9100	0.0056
0.9200	0.0005
0.9300	-0.0037
0.9400	-0.0068
0.9500	-0.0076
0.9600	-0.0070
0.9700	-0.0068
0.9800	-0.0078
0.9900	-0.0092
1.0000	-0.0085
1.0100	-0.0049
1.0200	0.0005
1.0300	0.0047
1.0400	0.0053
1.0500	0.0045
1.0600	0.0030
1.0700	0.0006
1.0800	-0.0021
1.0900	-0.0047
1.1000	-0.0049
1.1100	-0.0004
1.1200	0.0058
1.1300	0.0085
1.1400	0.0077
1.1500	0.0067
1.1600	0.0054
1.1700	0.0038
1.1800	0.0006
1.1900	-0.0046
1.2000	-0.0092
1.2100	-0.0118
1.2200	-0.0116
1.2300	-0.0108
1.2400	-0.0105
1.2500	-0.0095
1.2600	-0.0072
1.2700	-0.0043
1.2800	-0.0018
1.2900	-0.0008
1.3000	0.0003
1.3100	0.0026
1.3200	0.0057
1.3300	0.0098
1.3400	0.0111
1.3500	0.0093
1.3600	0.0083
1.3700	0.0084
1.3800	0.0092
1.3900	0.0097
1.4000	0.0078
1.4100	0.0040
1.4200	0.0015
1.4300	0.0014
1.4400	-0.0000
1.4500	-0.0038
1.4600	-0.0060
1.4700	-0.0056
1.4800	-0.0057
1.4900	-0.0070
1.5000	-0.0091
1.5100	-0.0106
1.5200	-0.0096
1.5300	-0.0062
1.5400	-0.0026
1.5500	0.0000
1.5600	0.0025
1.5700	0.0071
1.5800	0.0140
1.5900	0.0201
1.6000	0.0204
1.6100	0.0144
1.6200	0.0052
1.6300	-0.0027
1.6400	-0.0069
1.6500	-0.0081
1.6600	-0.0056
1.6700	-0.0012
1.6800	0.0039
1.6900	0.0084
1.7000	0.0098
1.7100	0.0056
1.7200	-0.0031
1.7300	-0.0101
1.7400	-0.0121
1.7500	-0.0114
1.7600	-0.0109
1.7700	-0.0107
1.7800	-0.0092
1.7900	-0.0051
1.8000	0.0005
1.8100	0.0052
1.8200	0.0066
1.8300	0.0057
1.8400	0.0037
1.8500	0.0030
1.8600	0.0044
1.8700	0.0045
1.8800	0.0026
1.8900	0.0008
1.9000	-0.0001
1.9100	0.0005
1.9200	0.0034
1.9300	0.0069
1.9400	0.0077
1.9500	0.0047
1.9600	0.0001
1.9700	-0.0053
1.9800	-0.0105
1.9900	-0.0153
2.0000	-0.0184
2.0100	-0.0185
2.0200	-0.0161
2.0300	-0.0108
2.0400	-0.0032
2.0500	0.0036
2.0600	0.0088
2.0700	0.0131
2.0800	0.0159
2.0900	0.0173
2.1000	0.0158
2.1100	0.0116
2.1200	0.0083
2.1300	0.0078
2.1400	0.0082
2.1500	0.0077
2.1600	0.0068
2.1700	0.0036
2.1800	-0.0020
2.1900	-0.0077
2.2000	-0.0137
2.2100	-0.0195
2.2200	-0.0216
2.2300	-0.0194
2.2400	-0.0143
2.2500	-0.0087
2.2600	-0.0047
2.2700	-0.0017
2.2800	0.0000
2.2900	0.0002
2.3000	-0.0004
2.3100	-0.0029
2.3200	-0.0055
2.3300	-0.0054
2.3400	-0.0005
2.3500	0.0092
2.3600	0.0188
2.3700	0.0235
2.3800	0.0220
2.3900	0.0168
2.4000	0.0106
2.4100	0.0049
2.4200	-0.0005
2.4300	-0.0050
2.4400	-0.0075
2.4500	-0.0091
2.4600	-0.0097
2.4700	-0.0094
2.4800	-0.0077
2.4900	-0.0049
2.5000	-0.0039
2.5100	-0.0068
2.5200	-0.0094
2.5300	-0.0071
2.5400	-0.0026
2.5500	0.0012
2.5600	0.0042
2.5700	0.0059
2.5800	0.0056
2.5900	0.0053
2.6000	0.0067
2.6100	0.0095
2.6200	0.0105
2.6300	0.0101
2.6400	0.0107
2.6500	0.0117
2.6600	0.0099
2.6700	0.0036
2.6800	-0.0027
2.6900	-0.0074
2.7000	-0.0101
2.7100	-0.0093
2.7200	-0.0057
2.7300	-0.0034
2.7400	-0.0038
2.7500	-0.0035
2.7600	-0.0022
2.7700	-0.0001
2.7800	0.0031
2.7900	0.0052
2.8000	0.0056
2.8100	0.0036
2.8200	-0.0005
2.8300	-0.0045
2.8400	-0.0066
2.8500	-0.0068
2.8600	-0.0068
2.8700	-0.0074
2.8800	-0.0085
2.8900	-0.0086
2.9000	-0.0076
2.9100	-0.0040
2.9200	0.0015
2.9300	0.0057
2.9400	0.0081
2.9500	0.0101
2.9600	0.0122
2.9700	0.0121
2.9800	0.0093
2.9900	0.0063
3.0000	0.0046
3.0100	0.0057
3.0200	0.0082
3.0300	0.0066
3.0400	0.0013
3.0500	-0.0028
3.0600	-0.0043
3.0700	-0.0055
3.0800	-0.0091
3.0900	-0.0137
3.1000	-0.0149
3.1100	-0.0125
3.1200	-0.0108
3.1300	-0.0098
3.1400	-0.0089
3.1500	-0.0093
3.1600	-0.0079
3.1700	-0.0012
3.1800	0.0084
3.1900	0.0151
3.2000	0.0155
3.2100	0.0112
3.2200	0.0067
3.2300	0.0047
3.2400	0.0050
3.2500	0.0068
3.2600	0.0089
3.2700	0.0085
3.2800	0.0051
3.2900	0.0013
3.3000	-0.0014
3.3100	-0.0029
3.3200	-0.0063
3.3300	-0.0127
3.3400	-0.0189
3.3500	-0.0199
3.3600	-0.0162
3.3700	-0.0096
3.3800	-0.0024
3.3900	0.0036
3.4000	0.0087
3.4100	0.0120
3.4200	0.0116
3.4300	0.0084
3.4400	0.0054
3.4500	0.0057
3.4600	0.0077
3.4700	0.0091
3.4800	0.0075
3.4900	0.0034
3.5000	-0.0010
3.5100	-0.0023
3.5200	0.0009
3.5300	0.0057
3.5400	0.0070
3.5500	0.0032
3.5600	-0.0035
3.5700	-0.0087
3.5800	-0.0094
3.5900	-0.0046
3.6000	0.0029
3.6100	0.0062
3.6200	0.0024
3.6300	-0.0047
3.6400	-0.0104
3.6500	-0.0139
3.6600	-0.0144
3.6700	-0.0120
3.6800	-0.0098
3.6900	-0.0082
3.7000	-0.0074
3.7100	-0.0072
3.7200	-0.0071
3.7300	-0.0067
3.7400	-0.0050
3.7500	-0.0008
3.7600	0.0039
3.7700	0.0071
3.7800	0.0101
3.7900	0.0144
3.8000	0.0198
3.8100	0.0237
3.8200	0.0228
3.8300	0.0164
3.8400	0.0084
3.8500	0.0030
3.8600	0.0008
3.8700	0.0022
3.8800	0.0043
3.8900	0.0022
3.9000	-0.0069
3.9100	-0.0192
3.9200	-0.0250
3.9300	-0.0200
3.9400	-0.0112
3.9500	-0.0051
3.9600	-0.0028
3.9700	-0.0027
3.9800	-0.0022
3.9900	0.0013
4.0000	0.0076
4.0100	0.0132
4.0200	0.0171
4.0300	0.0179
4.0400	0.0153
4.0500	0.0109
4.0600	0.0055
4.0700	0.0015
4.0800	-0.0016
4.0900	-0.0056
4.1000	-0.0104
4.1100	-0.0126
4.1200	-0.0127
4.1300	-0.0143
4.1400	-0.0158
4.1500	-0.0125
4.1600	-0.0056
4.1700	-0.0009
4.1800	-0.0028
4.1900	-0.0073
4.2000	-0.0084
4.2100	-0.0037
4.2200	0.0054
4.2300	0.0134
4.2400	0.0179
4.2500	0.0203
4.2600	0.0218
4.2700	0.0216
4.2800	0.0186
4.2900	0.0144
4.3000	0.0100
4.3100	0.0065
4.3200	0.0034
4.3300	-0.0017
4.3400	-0.0101
4.3500	-0.0198
4.3600	-0.0268
4.3700	-0.0283
4.3800	-0.0244
4.3900	-0.0190
4.4000	-0.0135
4.4100	-0.0097
4.4200	-0.0070
4.4300	-0.0024
4.4400	0.0034
4.4500	0.0086
4.4600	0.0113
4.4700	0.0124
4.4800	0.0130
4.4900	0.0114
4.5000	0.0078
4.5100	0.0040
4.5200	0.0018
4.5300	0.0033
4.5400	0.0066
4.5500	0.0069
4.5600	0.0027
4.5700	-0.0049
4.5800	-0.0115
4.5900	-0.0130
4.6000	-0.0096
4.6100	-0.0047
4.6200	-0.0016
4.6300	-0.0004
4.6400	0.0010
4.6500	0.0046
4.6600	0.0087
4.6700	0.0093
4.6800	0.0048
4.6900	-0.0013
4.7000	-0.0056
4.7100	-0.0054
4.7200	-0.0011
4.7300	0.0035
4.7400	0.0048
4.7500	0.0042
4.7600	0.0040
4.7700	0.0036
4.7800	0.0010
4.7900	-0.0038
4.8000	-0.0076
4.8100	-0.0079
4.8200	-0.0035
4.8300	0.0036
4.8400	0.0079
4.8500	0.0079
4.8600	0.0054
4.8700	0.0019
4.8800	-0.0011
4.8900	-0.0018
4.9000	-0.0005
4.9100	0.0020
4.9200	0.0043
4.9300	0.0040
4.9400	0.0006
4.9500	-0.0044
4.9600	-0.0083
4.9700	-0.0098
4.9800	-0.0091
4.9900	-0.0069
5.0000	-0.0037
5.0100	-0.0009
5.0200	0.0002
5.0300	-0.0002
5.0400	-0.0022
5.0500	-0.0035
5.0600	-0.0028
5.0700	-0.0008
5.0800	0.0005
5.0900	0.0018
5.1000	0.0028
5.1100	0.0040
5.1200	0.0047
5.1300	0.0031
5.1400	0.0000
5.1500	-0.0015
5.1600	-0.0003
5.1700	0.0017
5.1800	0.0031
5.1900	0.0038
5.2000	0.0026
5.2100	0.0008
5.2200	-0.0014
5.2300	-0.0036
5.2400	-0.0036
5.2500	-0.0013
5.2600	0.0014
5.2700	0.0024
5.2800	0.0009
5.2900	-0.0022
5.3000	-0.0054
5.3100	-0.0078
5.3200	-0.0066
5.3300	-0.0008
5.3400	0.0069
5.3500	0.0120
5.3600	0.0124
5.3700	0.0084
5.3800	0.0024
5.3900	-0.0027
5.4000	-0.0048
5.4100	-0.0038
5.4200	-0.0004
5.4300	0.0034
5.4400	0.0058
5.4500	0.0068
5.4600	0.0066
5.4700	0.0048
5.4800	0.0013
5.4900	-0.0030
5.5000	-0.0056
5.5100	-0.0046
5.5200	-0.0019
5.5300	0.0005
5.5400	0.0009
5.5500	-0.0026
5.5600	-0.0095
5.5700	-0.0161
5.5800	-0.0193
5.5900	-0.0181
5.6000	-0.0139
5.6100	-0.0082
5.6200	-0.0027
5.6300	0.0009
5.6400	0.0017
5.6500	0.0012
5.6600	-0.0002
5.6700	-0.0006
5.6800	0.0023
5.6900	0.0067
5.7000	0.0101
5.7100	0.0124
5.7200	0.0140
5.7300	0.0140
5.7400	0.0134
5.7500	0.0130
5.7600	0.0126
5.7700	0.0108
5.7800	0.0080
5.7900	0.0059
5.8000	0.0041
5.8100	0.0032
5.8200	0.0032
5.8300	0.0022
5.8400	-0.0006
5.8500	-0.0039
5.8600	-0.0073
5.8700	-0.0097
5.8800	-0.0092
5.8900	-0.0058
5.9000	-0.0020
5.9100	-0.0007
5.9200	-0.0017
5.9300	-0.0030
5.9400	-0.0034
5.9500	-0.0034
5.9600	-0.0026
5.9700	-0.0002
5.9800	0.0028
5.9900	0.0054
6.0000	0.0071
6.0100	0.0072
6.0200	0.0064
6.0300	0.0071
6.0400	0.0088
6.0500	0.0090
6.0600	0.0072
6.0700	0.0054
6.0800	0.0044
6.0900	0.0040
6.1000	0.0047
6.1100	0.0056
6.1200	0.0052
6.1300	0.0035
6.1400	0.0013
6.1500	-0.0009
6.1600	-0.0030
6.1700	-0.0063
6.1800	-0.0095
6.1900	-0.0113
6.2000	-0.0115
6.2100	-0.0114
6.2200	-0.0114
6.2300	-0.0135
6.2400	-0.0168
6.2500	-0.0186
6.2600	-0.0183
6.2700	-0.0155
6.2800	-0.0111
6.2900	-0.0078
6.3000	-0.0071
6.3100	-0.0071
6.3200	-0.0056
6.3300	-0.0027
6.3400	-0.0001
6.3500	0.0028
6.3600	0.0056
6.3700	0.0071
6.3800	0.0067
6.3900	0.0049
6.4000	0.0036
6.4100	0.0041
6.4200	0.0059
6.4300	0.0088
6.4400	0.0111
6.4500	0.0096
6.4600	0.0055
6.4700	0.0017
6.4800	-0.0015
6.4900	-0.0054
6.5000	-0.0096
6.5100	-0.0111
6.5200	-0.0104
6.5300	-0.0096
6.5400	-0.0093
6.5500	-0.0088
6.5600	-0.0066
6.5700	-0.0036
6.5800	-0.0020
6.5900	-0.0026
6.6000	-0.0031
6.6100	-0.0028
6.6200	-0.0022
6.6300	-0.0007
6.6400	0.0008
6.6500	0.0010
6.6600	-0.0003
6.6700	-0.0027
6.6800	-0.0051
6.6900	-0.0051
6.7000	-0.0028
6.7100	-0.0005
6.7200	0.0004
6.7300	-0.0008
6.7400	-0.0018
6.7500	-0.0016
6.7600	-0.0013
6.7700	-0.0015
6.7800	-0.0016
6.7900	0.0001
6.8000	0.0042
6.8100	0.0092
6.8200	0.0141
6.8300	0.0187
6.8400	0.0200
6.8500	0.0178
6.8600	0.0124
6.8700	0.0055
6.8800	0.0015
6.8900	0.0016
6.9000	0.0025
6.9100	0.0026
6.9200	0.0035
6.9300	0.0063
6.9400	0.0089
6.9500	0.0098
6.9600	0.0107
6.9700	0.0124
6.9800	0.0139
6.9900	0.0157
7.0000	0.0192
7.0100	0.0224
7.0200	0.0226
7.0300	0.0206
7.0400	0.0165
7.0500	0.0092
7.0600	-0.0014
7.0700	-0.0141
7.0800	-0.0261
7.0900	-0.0356
7.1000	-0.0412
7.1100	-0.0417
7.1200	-0.0397
7.1300	-0.0397
7.1400	-0.0433
7.1500	-0.0499
7.1600	-0.0552
7.1700	-0.0550
7.1800	-0.0479
7.1900	-0.0354
7.2000	-0.0198
7.2100	-0.0039
7.2200	0.0089
7.2300	0.0171
7.2400	0.0229
7.2500	0.0262
7.2600	0.0271
7.2700	0.0285
7.2800	0.0334
7.2900	0.0404
7.3000	0.0478
7.3100	0.0538
7.3200	0.0570
7.3300	0.0550
7.3400	0.0458
7.3500	0.0310
7.3600	0.0115
7.3700	-0.0100
7.3800	-0.0266
7.3900	-0.0371
7.4000	-0.0431
7.4100	-0.0454
7.4200	-0.0452
7.4300	-0.0472
7.4400	-0.0537
7.4500	-0.0596
7.4600	-0.0594
7.4700	-0.0534
7.4800	-0.0446
7.4900	-0.0337
7.5000	-0.0201
7.5100	-0.0050
7.5200	0.0071
7.5300	0.0147
7.5400	0.0207
7.5500	0.0280
7.5600	0.0403
7.5700	0.0573
7.5800	0.0742
7.5900	0.0884
7.6000	0.0990
7.6100	0.1031
7.6200	0.0984
7.6300	0.0859
7.6400	0.0696
7.6500	0.0571
7.6600	0.0526
7.6700	0.0514
7.6800	0.0465
7.6900	0.0336
7.7000	0.0119
7.7100	-0.0142
7.7200	-0.0414
7.7300	-0.0654
7.7400	-0.0817
7.7500	-0.0893
7.7600	-0.0874
7.7700	-0.0747
7.7800	-0.0561
7.7900	-0.0403
7.8000	-0.0322
7.8100	-0.0306
7.8200	-0.0316
7.8300	-0.0338
7.8400	-0.0347
7.8500	-0.0312
7.8600	-0.0226
7.8700	-0.0081
7.8800	0.0079
7.8900	0.0205
7.9000	0.0254
7.9100	0.0204
7.9200	0.0066
7.9300	-0.0080
7.9400	-0.0149
7.9500	-0.0140
7.9600	-0.0080
7.9700	0.0029
7.9800	0.0144
7.9900	0.0186
8.0000	0.0188
8.0100	0.0266
8.0200	0.0436
8.0300	0.0616
8.0400	0.0720
8.0500	0.0710
8.0600	0.0576
8.0700	0.0369
8.0800	0.0196
8.0900	0.0090
8.1000	0.0042
8.1100	0.0054
8.1200	0.0123
8.1300	0.0207
8.1400	0.0235
8.1500	0.0187
8.1600	0.0089
8.1700	-0.0058
8.1800	-0.0248
8.1900	-0.0428
8.2000	-0.0546
8.2100	-0.0571
8.2200	-0.0496
8.2300	-0.0368
8.2400	-0.0237
8.2500	-0.0152
8.2600	-0.0114
8.2700	-0.0107
8.2800	-0.0198
8.2900	-0.0388
8.3000	-0.0551
8.3100	-0.0574
8.3200	-0.0421
8.3300	-0.0160
8.3400	0.0098
8.3500	0.0268
8.3600	0.0354
8.3700	0.0422
8.3800	0.0469
8.3900	0.0477
8.4000	0.0464
8.4100	0.0471
8.4200	0.0540
8.4300	0.0675
8.4400	0.0797
8.4500	0.0835
8.4600	0.0790
8.4700	0.0668
8.4800	0.0446
8.4900	0.0127
8.5000	-0.0274
8.5100	-0.0713
8.5200	-0.1098
8.5300	-0.1382
8.5400	-0.1524
8.5500	-0.1556
8.5600	-0.1547
8.5700	-0.1479
8.5800	-0.1358
8.5900	-0.1295
8.6000	-0.1248
8.6100	-0.1035
8.6200	-0.0557
8.6300	0.0157
8.6400	0.0933
8.6500	0.1623
8.6600	0.1936
8.6700	0.1769
8.6800	0.1464
8.6900	0.1299
8.7000	0.1156
8.7100	0.0896
8.7200	0.0660
8.7300	0.0560
8.7400	0.0534
8.7500	0.0492
8.7600	0.0327
8.7700	0.0051
8.7800	-0.0191
8.7900	-0.0339
8.8000	-0.0470
8.8100	-0.0540
8.8200	-0.0459
8.8300	-0.0351
8.8400	-0.0362
8.8500	-0.0411
8.8600	-0.0350
8.8700	-0.0237
8.8800	-0.0196
8.8900	-0.0144
8.9000	-0.0028
8.9100	0.0044
8.9200	0.0001
8.9300	-0.0149
8.9400	-0.0362
8.9500	-0.0550
8.9600	-0.0570
8.9700	-0.0386
8.9800	-0.0117
8.9900	0.0124
9.0000	0.0205
9.0100	0.0011
9.0200	-0.0333
9.0300	-0.0598
9.0400	-0.0668
9.0500	-0.0532
9.0600	-0.0247
9.0700	0.0114
9.0800	0.0433
9.0900	0.0535
9.1000	0.0332
9.1100	0.0060
9.1200	0.0006
9.1300	0.0194
9.1400	0.0398
9.1500	0.0442
9.1600	0.0385
9.1700	0.0326
9.1800	0.0250
9.1900	0.0127
9.2000	-0.0021
9.2100	-0.0144
9.2200	-0.0191
9.2300	-0.0119
9.2400	0.0050
9.2500	0.0229
9.2600	0.0319
9.2700	0.0271
9.2800	0.0100
9.2900	-0.0102
9.3000	-0.0212
9.3100	-0.0205
9.3200	-0.0112
9.3300	0.0022
9.3400	0.0172
9.3500	0.0287
9.3600	0.0317
9.3700	0.0272
9.3800	0.0178
9.3900	0.0010
9.4000	-0.0208
9.4100	-0.0363
9.4200	-0.0415
9.4300	-0.0365
9.4400	-0.0242
9.4500	-0.0152
9.4600	-0.0184
9.4700	-0.0308
9.4800	-0.0465
9.4900	-0.0608
9.5000	-0.0686
9.5100	-0.0630
9.5200	-0.0414
9.5300	-0.0136
9.5400	0.0078
9.5500	0.0185
9.5600	0.0209
9.5700	0.0204
9.5800	0.0215
9.5900	0.0245
9.6000	0.0279
9.6100	0.0311
9.6200	0.0331
9.6300	0.0314
9.6400	0.0264
9.6500	0.0212
9.6600	0.0164
9.6700	0.0084
9.6800	-0.0038
9.6900	-0.0150
9.7000	-0.0179
9.7100	-0.0165
9.7200	-0.0185
9.7300	-0.0203
9.7400	-0.0176
9.7500	-0.0106
9.7600	-0.0013
9.7700	0.0086
9.7800	0.0158
9.7900	0.0170
9.8000	0.0121
9.8100	0.0062
9.8200	0.0016
9.8300	-0.0020
9.8400	-0.0036
9.8500	0.0005
9.8600	0.0109
9.8700	0.0224
9.8800	0.0278
9.8900	0.0220
9.9000	0.0070
9.9100	-0.0092
9.9200	-0.0197
9.9300	-0.0235
9.9400	-0.0198
9.9500	-0.0082
9.9600	0.0086
9.9700	0.0238
9.9800	0.0317
9.9900	0.0278
10.0000	0.0098
10.0100	-0.0143
10.0200	-0.0306
10.0300	-0.0331
10.0400	-0.0225
10.0500	-0.0025
10.0600	0.0196
10.0700	0.0383
10.0800	0.0464
10.0900	0.0406
10.1000	0.0287
10.1100	0.0204
10.1200	0.0202
10.1300	0.0252
10.1400	0.0311
10.1500	0.0355
10.1600	0.0358
10.1700	0.0307
10.1800	0.0220
10.1900	0.0123
10.2000	0.0028
10.2100	-0.0067
10.2200	-0.0166
10.2300	-0.0283
10.2400	-0.0431
10.2500	-0.0581
10.2600	-0.0688
10.2700	-0.0712
10.2800	-0.0650
10.2900	-0.0556
10.3000	-0.0518
10.3100	-0.0512
10.3200	-0.0427
10.3300	-0.0259
10.3400	-0.0092
10.3500	0.0018
10.3600	0.0104
10.3700	0.0156
10.3800	0.0163
10.3900	0.0165
10.4000	0.0190
10.4100	0.0234
10.4200	0.0279
10.4300	0.0310
10.4400	0.0331
10.4500	0.0344
10.4600	0.0304
10.4700	0.0174
10.4800	0.0035
10.4900	-0.0018
10.5000	0.0012
10.5100	0.0053
10.5200	0.0057
10.5300	0.0001
10.5400	-0.0070
10.5500	-0.0042
10.5600	0.0073
10.5700	0.0156
10.5800	0.0191
10.5900	0.0232
10.6000	0.0270
10.6100	0.0294
10.6200	0.0330
10.6300	0.0369
10.6400	0.0365
10.6500	0.0295
10.6600	0.0186
10.6700	0.0078
10.6800	-0.0012
10.6900	-0.0085
10.7000	-0.0146
10.7100	-0.0171
10.7200	-0.0181
10.7300	-0.0245
10.7400	-0.0351
10.7500	-0.0393
10.7600	-0.0329
10.7700	-0.0249
10.7800	-0.0234
10.7900	-0.0284
10.8000	-0.0359
10.8100	-0.0384
10.8200	-0.0300
10.8300	-0.0131
10.8400	0.0023
10.8500	0.0094
10.8600	0.0112
10.8700	0.0126
10.8800	0.0160
10.8900	0.0183
10.9000	0.0150
10.9100	0.0070
10.9200	-0.0048
10.9300	-0.0196
10.9400	-0.0361
10.9500	-0.0473
10.9600	-0.0472
10.9700	-0.0399
10.9800	-0.0315
10.9900	-0.0189
11.0000	0.0010
11.0100	0.0223
11.0200	0.0361
11.0300	0.0372
11.0400	0.0270
11.0500	0.0133
11.0600	0.0054
11.0700	0.0017
11.0800	-0.0013
11.0900	-0.0017
11.1000	0.0021
11.1100	0.0085
11.1200	0.0139
11.1300	0.0165
11.1400	0.0147
11.1500	0.0076
11.1600	-0.0025
11.1700	-0.0106
11.1800	-0.0149
11.1900	-0.0189
11.2000	-0.0217
11.2100	-0.0164
11.2200	-0.0031
11.2300	0.0111
11.2400	0.0206
11.2500	0.0245
11.2600	0.0243
11.2700	0.0237
11.2800	0.0250
11.2900	0.0270
11.3000	0.0270
11.3100	0.0251
11.3200	0.0247
11.3300	0.0270
11.3400	0.0289
11.3500	0.0262
11.3600	0.0175
11.3700	0.0032
11.3800	-0.0129
11.3900	-0.0252
11.4000	-0.0280
11.4100	-0.0211
11.4200	-0.0120
11.4300	-0.0070
11.4400	-0.0061
11.4500	-0.0078
11.4600	-0.0121
11.4700	-0.0175
11.4800	-0.0222
11.4900	-0.0251
11.5000	-0.0240
11.5100	-0.0190
11.5200	-0.0137
11.5300	-0.0136
11.5400	-0.0165
11.5500	-0.0150
11.5600	-0.0078
11.5700	0.0005
11.5800	0.0061
11.5900	0.0092
11.6000	0.0099
11.6100	0.0084
11.6200	0.0074
11.6300	0.0075
11.6400	0.0057
11.6500	0.0015
11.6600	-0.0026
11.6700	-0.0054
11.6800	-0.0062
11.6900	-0.0057
11.7000	-0.0045
11.7100	-0.0006
11.7200	0.0048
11.7300	0.0071
11.7400	0.0039
11.7500	-0.0014
11.7600	-0.0040
11.7700	-0.0033
11.7800	-0.0008
11.7900	0.0013
11.8000	0.0037
11.8100	0.0083
11.8200	0.0132
11.8300	0.0131
11.8400	0.0066
11.8500	-0.0018
11.8600	-0.0079
11.8700	-0.0088
11.8800	-0.0012
11.8900	0.0132
11.9000	0.0271
11.9100	0.0362
11.9200	0.0394
11.9300	0.0393
11.9400	0.0381
11.9500	0.0315
11.9600	0.0165
11.9700	0.0039
11.9800	0.0042
11.9900	0.0126
12.0000	0.0196
12.0100	0.0193
12.0200	0.0112
12.0300	0.0000
12.0400	-0.0119
12.0500	-0.0231
12.0600	-0.0317
12.0700	-0.0371
12.0800	-0.0399
12.0900	-0.0398
12.1000	-0.0388
12.1100	-0.0381
12.1200	-0.0373
12.1300	-0.0368
12.1400	-0.0371
12.1500	-0.0369
12.1600	-0.0319
12.1700	-0.0222
12.1800	-0.0108
12.1900	0.0004
12.2000	0.0101
12.2100	0.0156
12.2200	0.0167
12.2300	0.0167
12.2400	0.0197
12.2500	0.0256
12.2600	0.0316
12.2700	0.0356
12.2800	0.0362
12.2900	0.0325
12.3000	0.0249
12.3100	0.0142
12.3200	0.0028
12.3300	-0.0081
12.3400	-0.0181
12.3500	-0.0246
12.3600	-0.0259
12.3700	-0.0253
12.3800	-0.0276
12.3900	-0.0319
12.4000	-0.0345
12.4100	-0.0353
12.4200	-0.0363
12.4300	-0.0365
12.4400	-0.0328
12.4500	-0.0233
12.4600	-0.0106
12.4700	0.0013
12.4800	0.0091
12.4900	0.0117
12.5000	0.0130
12.5100	0.0172
12.5200	0.0258
12.5300	0.0339
12.5400	0.0377
12.5500	0.0399
12.5600	0.0425
12.5700	0.0425
12.5800	0.0386
12.5900	0.0346
12.6000	0.0320
12.6100	0.0298
12.6200	0.0292
12.6300	0.0315
12.6400	0.0320
12.6500	0.0247
12.6600	0.0134
12.6700	0.0042
12.6800	-0.0031
12.6900	-0.0086
12.7000	-0.0101
12.7100	-0.0080
12.7200	-0.0034
12.7300	0.0022
12.7400	0.0064
12.7500	0.0076
12.7600	0.0055
12.7700	0.0028
12.7800	0.0006
12.7900	-0.0024
12.8000	-0.0070
12.8100	-0.0113
12.8200	-0.0144
12.8300	-0.0175
12.8400	-0.0213
12.8500	-0.0234
12.8600	-0.0214
12.8700	-0.0186
12.8800	-0.0205
12.8900	-0.0264
12.9000	-0.0309
12.9100	-0.0320
12.9200	-0.0324
12.9300	-0.0334
12.9400	-0.0348
12.9500	-0.0363
12.9600	-0.0362
12.9700	-0.0317
12.9800	-0.0225
12.9900	-0.0103
13.0000	0.0010
13.0100	0.0084
13.0200	0.0123
13.0300	0.0152
13.0400	0.0189
13.0500	0.0239
13.0600	0.0295
13.0700	0.0349
13.0800	0.0405
13.0900	0.0459
13.1000	0.0494
13.1100	0.0478
13.1200	0.0393
13.1300	0.0270
13.1400	0.0154
13.1500	0.0068
13.1600	0.0019
13.1700	0.0019
13.1800	0.0055
13.1900	0.0061
13.2000	-0.0001
13.2100	-0.0107
13.2200	-0.0226
13.2300	-0.0320
13.2400	-0.0364
13.2500	-0.0355
13.2600	-0.0312
13.2700	-0.0264
13.2800	-0.0235
13.2900	-0.0216
13.3000	-0.0208
13.3100	-0.0216
13.3200	-0.0219
13.3300	-0.0186
13.3400	-0.0117
13.3500	-0.0038
13.3600	0.0032
13.3700	0.0087
13.3800	0.0117
13.3900	0.0129
13.4000	0.0134
13.4100	0.0154
13.4200	0.0195
13.4300	0.0238
13.4400	0.0265
13.4500	0.0274
13.4600	0.0265
13.4700	0.0239
13.4800	0.0202
13.4900	0.0159
13.5000	0.0115
13.5100	0.0065
13.5200	0.0023
13.5300	-0.0006
13.5400	-0.0047
13.5500	-0.0090
13.5600	-0.0120
13.5700	-0.0149
13.5800	-0.0191
13.5900	-0.0236
13.6000	-0.0278
13.6100	-0.0309
13.6200	-0.0313
13.6300	-0.0289
13.6400	-0.0255
13.6500	-0.0211
13.6600	-0.0157
13.6700	-0.0099
13.6800	-0.0033
13.6900	0.0035
13.7000	0.0115
13.7100	0.0216
13.7200	0.0316
13.7300	0.0391
13.7400	0.0443
13.7500	0.0479
13.7600	0.0486
13.7700	0.0451
13.7800	0.0391
13.7900	0.0328
13.8000	0.0271
13.8100	0.0221
13.8200	0.0180
13.8300	0.0140
13.8400	0.0088
13.8500	0.0036
13.8600	-0.0000
13.8700	-0.0033
13.8800	-0.0063
13.8900	-0.0073
13.9000	-0.0076
13.9100	-0.0097
13.9200	-0.0130
13.9300	-0.0163
13.9400	-0.0200
13.9500	-0.0227
13.9600	-0.0223
13.9700	-0.0204
13.9800	-0.0187
13.9900	-0.0162
14.0000	-0.0135
14.0100	-0.0131
14.0200	-0.0147
14.0300	-0.0179
14.0400	-0.0207
14.0500	-0.0195
14.0600	-0.0143
14.0700	-0.0091
14.0800	-0.0067
14.0900	-0.0065
14.1000	-0.0085
14.1100	-0.0107
14.1200	-0.0104
14.1300	-0.0077
14.1400	-0.0036
14.1500	0.0017
14.1600	0.0065
14.1700	0.0080
14.1800	0.0063
14.1900	0.0034
14.2000	0.0003
14.2100	-0.0031
14.2200	-0.0053
14.2300	-0.0052
14.2400	-0.0027
14.2500	0.0016
14.2600	0.0069
14.2700	0.0110
14.2800	0.0122
14.2900	0.0096
14.3000	0.0053
14.3100	0.0023
14.3200	0.0029
14.3300	0.0050
14.3400	0.0070
14.3500	0.0092
14.3600	0.0106
14.3700	0.0095
14.3800	0.0065
14.3900	0.0043
14.4000	0.0030
14.4100	-0.0003
14.4200	-0.0049
14.4300	-0.0076
14.4400	-0.0094
14.4500	-0.0118
14.4600	-0.0146
14.4700	-0.0167
14.4800	-0.0171
14.4900	-0.0156
14.5000	-0.0132
14.5100	-0.0107
14.5200	-0.0081
14.5300	-0.0065
14.5400	-0.0055
14.5500	-0.0044
14.5600	-0.0035
14.5700	-0.0035
14.5800	-0.0039
14.5900	-0.0031
14.6000	-0.0002
14.6100	0.0032
14.6200	0.0050
14.6300	0.0048
14.6400	0.0028
14.6500	0.0002
14.6600	-0.0015
14.6700	-0.0020
14.6800	-0.0016
14.6900	-0.0003
14.7000	-0.0007
14.7100	-0.0033
14.7200	-0.0045
14.7300	-0.0034
14.7400	-0.0024
14.7500	-0.0032
14.7600	-0.0070
14.7700	-0.0129
14.7800	-0.0186
14.7900	-0.0217
14.8000	-0.0212
14.8100	-0.0180
14.8200	-0.0144
14.8300	-0.0118
14.8400	-0.0101
14.8500	-0.0080
14.8600	-0.0031
14.8700	0.0030
14.8800	0.0087
14.8900	0.0163
14.9000	0.0225
14.9100	0.0251
14.9200	0.0275
14.9300	0.0306
14.9400	0.0322
14.9500	0.0313
14.9600	0.0291
14.9700	0.0268
14.9800	0.0229
14.9900	0.0193
15.0000	0.0179
15.0100	0.0176
15.0200	0.0159
15.0300	0.0111
15.0400	0.0050
15.0500	-0.0008
15.0600	-0.0069
15.0700	-0.0115
15.0800	-0.0131
15.0900	-0.0130
15.1000	-0.0140
15.1100	-0.0164
15.1200	-0.0177
15.1300	-0.0178
15.1400	-0.0164
15.1500	-0.0120
15.1600	-0.0055
15.1700	0.0029
15.1800	0.0110
15.1900	0.0191
15.2000	0.0279
15.2100	0.0331
15.2200	0.0326
15.2300	0.0294
15.2400	0.0263
15.2500	0.0248
15.2600	0.0252
15.2700	0.0268
15.2800	0.0284
15.2900	0.0276
15.3000	0.0242
15.3100	0.0177
15.3200	0.0089
15.3300	-0.0010
15.3400	-0.0085
15.3500	-0.0110
15.3600	-0.0109
15.3700	-0.0110
15.3800	-0.0133
15.3900	-0.0182
15.4000	-0.0228
15.4100	-0.0256
15.4200	-0.0272
15.4300	-0.0275
15.4400	-0.0259
15.4500	-0.0239
15.4600	-0.0210
15.4700	-0.0180
15.4800	-0.0164
15.4900	-0.0171
15.5000	-0.0192
15.5100	-0.0218
15.5200	-0.0238
15.5300	-0.0247
15.5400	-0.0241
15.5500	-0.0219
15.5600	-0.0187
15.5700	-0.0153
15.5800	-0.0123
15.5900	-0.0102
15.6000	-0.0085
15.6100	-0.0059
15.6200	-0.0027
15.6300	-0.0005
15.6400	-0.0003
15.6500	-0.0013
15.6600	-0.0017
15.6700	-0.0007
15.6800	0.0022
15.6900	0.0059
15.7000	0.0088
15.7100	0.0114
15.7200	0.0130
15.7300	0.0137
15.7400	0.0138
15.7500	0.0140
15.7600	0.0133
15.7700	0.0123
15.7800	0.0120
15.7900	0.0120
15.8000	0.0125
15.8100	0.0126
15.8200	0.0116
15.8300	0.0099
15.8400	0.0080
15.8500	0.0053
15.8600	0.0016
15.8700	-0.0016
15.8800	-0.0031
15.8900	-0.0036
15.9000	-0.0030
15.9100	-0.0019
15.9200	-0.0008
15.9300	-0.0001
15.9400	-0.0004
15.9500	-0.0022
15.9600	-0.0051
15.9700	-0.0078
15.9800	-0.0082
15.9900	-0.0058
16.0000	-0.0012
16.0100	0.0035
16.0200	0.0056
16.0300	0.0056
16.0400	0.0039
16.0500	0.0018
16.0600	0.0000
16.0700	-0.0020
16.0800	-0.0044
16.0900	-0.0064
16.1000	-0.0074
16.1100	-0.0079
16.1200	-0.0087
16.1300	-0.0086
16.1400	-0.0078
16.1500	-0.0073
16.1600	-0.0062
16.1700	-0.0044
16.1800	-0.0025
16.1900	0.0003
16.2000	0.0034
16.2100	0.0054
16.2200	0.0064
16.2300	0.0079
16.2400	0.0094
16.2500	0.0101
16.2600	0.0112
16.2700	0.0120
16.2800	0.0116
16.2900	0.0105
16.3000	0.0099
16.3100	0.0095
16.3200	0.0083
16.3300	0.0059
16.3400	0.0025
16.3500	-0.0020
16.3600	-0.0066
16.3700	-0.0087
16.3800	-0.0077
16.3900	-0.0068
16.4000	-0.0076
16.4100	-0.0080
16.4200	-0.0075
16.4300	-0.0071
16.4400	-0.0062
16.4500	-0.0040
16.4600	-0.0009
16.4700	0.0013
16.4800	-0.0002
16.4900	-0.0040
16.5000	-0.0065
16.5100	-0.0055
16.5200	-0.0020
16.5300	0.0025
16.5400	0.0068
16.5500	0.0117
16.5600	0.0177
16.5700	0.0220
16.5800	0.0228
16.5900	0.0216
16.6000	0.0195
16.6100	0.0176
16.6200	0.0161
16.6300	0.0130
16.6400	0.0080
16.6500	0.0030
16.6600	-0.0006
16.6700	-0.0024
16.6800	-0.0044
16.6900	-0.0071
16.7000	-0.0097
16.7100	-0.0117
16.7200	-0.0131
16.7300	-0.0149
16.7400	-0.0167
16.7500	-0.0175
16.7600	-0.0164
16.7700	-0.0135
16.7800	-0.0099
16.7900	-0.0055
16.8000	-0.0013
16.8100	0.0013
16.8200	0.0027
16.8300	0.0038
16.8400	0.0052
16.8500	0.0071
16.8600	0.0097
16.8700	0.0120
16.8800	0.0137
16.8900	0.0145
16.9000	0.0146
16.9100	0.0139
16.9200	0.0118
16.9300	0.0089
16.9400	0.0061
16.9500	0.0029
16.9600	-0.0006
16.9700	-0.0042
16.9800	-0.0077
16.9900	-0.0105
17.0000	-0.0122
17.0100	-0.0135
17.0200	-0.0147
17.0300	-0.0150
17.0400	-0.0148
17.0500	-0.0136
17.0600	-0.0115
17.0700	-0.0096
17.0800	-0.0073
17.0900	-0.0043
17.1000	-0.0008
17.1100	0.0023
17.1200	0.0065
17.1300	0.0106
17.1400	0.0122
17.1500	0.0126
17.1600	0.0126
17.1700	0.0120
17.1800	0.0101
17.1900	0.0073
17.2000	0.0038
17.2100	-0.0004
17.2200	-0.0041
17.2300	-0.0063
17.2400	-0.0079
17.2500	-0.0077
17.2600	-0.0042
17.2700	-0.0001
17.2800	0.0022
17.2900	0.0033
17.3000	0.0038
17.3100	0.0040
17.3200	0.0046
17.3300	0.0049
17.3400	0.0046
17.3500	0.0041
17.3600	0.0032
17.3700	0.0040
17.3800	0.0063
17.3900	0.0067
17.4000	0.0049
17.4100	0.0031
17.4200	0.0011
17.4300	-0.0022
17.4400	-0.0059
17.4500	-0.0088
17.4600	-0.0099
17.4700	-0.0091
17.4800	-0.0063
17.4900	-0.0035
17.5000	-0.0021
17.5100	-0.0008
17.5200	-0.0002
17.5300	-0.0015
17.5400	-0.0026
17.5500	-0.0024
17.5600	-0.0028
17.5700	-0.0038
17.5800	-0.0048
17.5900	-0.0058
17.6000	-0.0060
17.6100	-0.0058
17.6200	-0.0061
17.6300	-0.0065
17.6400	-0.0067
17.6500	-0.0068
17.6600	-0.0063
17.6700	-0.0058
17.6800	-0.0057
17.6900	-0.0054
17.7000	-0.0036
17.7100	-0.0011
17.7200	-0.0000
17.7300	-0.0013
17.7400	-0.0034
17.7500	-0.0054
17.7600	-0.0068
17.7700	-0.0073
17.7800	-0.0070
17.7900	-0.0061
17.8000	-0.0039
17.8100	0.0001
17.8200	0.0046
17.8300	0.0081
17.8400	0.0109
17.8500	0.0126
17.8600	0.0136
17.8700	0.0150
17.8800	0.0162
17.8900	0.0168
17.9000	0.0165
17.9100	0.0158
17.9200	0.0148
17.9300	0.0134
17.9400	0.0118
17.9500	0.0103
17.9600	0.0089
17.9700	0.0069
17.9800	0.0044
17.9900	0.0009
18.0000	-0.0030
18.0100	-0.0065
18.0200	-0.0090
18.0300	-0.0108
18.0400	-0.0123
18.0500	-0.0137
18.0600	-0.0149
18.0700	-0.0149
18.0800	-0.0137
18.0900	-0.0114
18.1000	-0.0084
18.1100	-0.0053
18.1200	-0.0029
18.1300	-0.0016
18.1400	-0.0007
18.1500	-0.0001
18.1600	0.0003
18.1700	0.0008
18.1800	0.0016
18.1900	0.0019
18.2000	0.0018
18.2100	0.0019
18.2200	0.0027
18.2300	0.0032
18.2400	0.0038
18.2500	0.0042
18.2600	0.0038
18.2700	0.0025
18.2800	0.0012
18.2900	0.0009
18.3000	0.0009
18.3100	0.0000
18.3200	-0.0007
18.3300	-0.0014
18.3400	-0.0018
18.3500	-0.0022
18.3600	-0.0033
18.3700	-0.0049
18.3800	-0.0068
18.3900	-0.0084
18.4000	-0.0089
18.4100	-0.0085
18.4200	-0.0077
18.4300	-0.0061
18.4400	-0.0047
18.4500	-0.0032
18.4600	-0.0013
18.4700	0.0007
18.4800	0.0029
18.4900	0.0047
18.5000	0.0057
18.5100	0.0052
18.5200	0.0036
18.5300	0.0027
18.5400	0.0027
18.5500	0.0027
18.5600	0.0023
18.5700	0.0016
18.5800	0.0020
18.5900	0.0024
18.6000	0.0012
18.6100	-0.0003
18.6200	-0.0010
18.6300	-0.0023
18.6400	-0.0046
18.6500	-0.0069
18.6600	-0.0087
18.6700	-0.0100
18.6800	-0.0102
18.6900	-0.0105
18.7000	-0.0106
18.7100	-0.0100
18.7200	-0.0088
18.7300	-0.0073
18.7400	-0.0052
18.7500	-0.0026
18.7600	-0.0001
18.7700	0.0012
18.7800	0.0013
18.7900	0.0009
18.8000	0.0013
18.8100	0.0031
18.8200	0.0045
18.8300	0.0043
18.8400	0.0035
18.8500	0.0034
18.8600	0.0035
18.8700	0.0034
18.8800	0.0039
18.8900	0.0052
18.9000	0.0065
18.9100	0.0082
18.9200	0.0098
18.9300	0.0107
18.9400	0.0106
18.9500	0.0102
18.9600	0.0100
18.9700	0.0097
18.9800	0.0094
18.9900	0.0092
19.0000	0.0090
19.0100	0.0088
19.0200	0.0079
19.0300	0.0063
19.0400	0.0053
19.0500	0.0050
19.0600	0.0035
19.0700	0.0010
19.0800	-0.0013
19.0900	-0.0027
19.1000	-0.0036
19.1100	-0.0046
19.1200	-0.0053
19.1300	-0.0051
19.1400	-0.0048
19.1500	-0.0046
19.1600	-0.0039
19.1700	-0.0029
19.1800	-0.0021
19.1900	-0.0012
19.2000	0.0000
19.2100	0.0012
19.2200	0.0017
19.2300	0.0023
19.2400	0.0028
19.2500	0.0026
19.2600	0.0027
19.2700	0.0035
19.2800	0.0039
19.2900	0.0039
19.3000	0.0044
19.3100	0.0048
19.3200	0.0045
19.3300	0.0042
19.3400	0.0035
19.3500	0.0026
19.3600	0.0024
19.3700	0.0024
19.3800	0.0022
19.3900	0.0021
19.4000	0.0018
19.4100	0.0006
19.4200	-0.0012
19.4300	-0.0032
19.4400	-0.0040
19.4500	-0.0051
19.4600	-0.0061
19.4700	-0.0060
19.4800	-0.0048
19.4900	-0.0023
19.5000	0.0009
19.5100	0.0037
19.5200	0.0060
19.5300	0.0071
19.5400	0.0067
19.5500	0.0060
19.5600	0.0055
19.5700	0.0056
19.5800	0.0048
19.5900	0.0032
19.6000	0.0022
19.6100	0.0020
19.6200	0.0021
19.6300	0.0026
19.6400	0.0033
19.6500	0.0037
19.6600	0.0031
19.6700	0.0012
19.6800	-0.0015
19.6900	-0.0043
19.7000	-0.0070
19.7100	-0.0094
19.7200	-0.0116
19.7300	-0.0132
19.7400	-0.0137
19.7500	-0.0139
19.7600	-0.0141
19.7700	-0.0138
19.7800	-0.0131
19.7900	-0.0125
19.8000	-0.0117
19.8100	-0.0098
19.8200	-0.0082
19.8300	-0.0072
19.8400	-0.0061
19.8500	-0.0053
19.8600	-0.0050
19.8700	-0.0045
19.8800	-0.0030
19.8900	-0.0016
19.9000	-0.0004
19.9100	0.0005
19.9200	0.0012
19.9300	0.0023
19.9400	0.0029
19.9500	0.0037
19.9600	0.0044
19.9700	0.0049
19.9800	0.0060
19.9900	0.0068
20.0000	0.0072
20.0100	0.0069
20.0200	0.0058
20.0300	0.0042
20.0400	0.0026
20.0500	0.0012
20.0600	-0.0005
20.0700	-0.0024
20.0800	-0.0037
20.0900	-0.0046
20.1000	-0.0055
20.1100	-0.0062
20.1200	-0.0060
20.1300	-0.0055
20.1400	-0.0051
20.1500	-0.0045
20.1600	-0.0028
20.1700	-0.0008
20.1800	0.0006
20.1900	0.0011
20.2000	0.0011
20.2100	0.0012
20.2200	0.0021
20.2300	0.0027
20.2400	0.0026
20.2500	0.0024
20.2600	0.0027
20.2700	0.0029
20.2800	0.0024
20.2900	0.0020
20.3000	0.0020
20.3100	0.0020
20.3200	0.0019
20.3300	0.0018
20.3400	0.0014
20.3500	0.0009
20.3600	0.0007
20.3700	0.0012
20.3800	0.0016
20.3900	0.0016
20.4000	0.0014
20.4100	0.0010
20.4200	0.0003
20.4300	-0.0000
20.4400	-0.0004
20.4500	-0.0007
20.4600	-0.0003
20.4700	-0.0000
20.4800	0.0001
20.4900	0.0002
20.5000	0.0005
20.5100	0.0006
20.5200	0.0006
20.5300	0.0007
20.5400	0.0008
20.5500	0.0010
20.5600	0.0014
20.5700	0.0015
20.5800	0.0011
20.5900	0.0007
20.6000	0.0004
20.6100	0.0001
20.6200	-0.0002
20.6300	-0.0004
20.6400	-0.0005
20.6500	-0.0006
20.6600	-0.0007
20.6700	-0.0007
20.6800	-0.0004
20.6900	-0.0001
20.7000	0.0003
20.7100	0.0005
20.7200	0.0008
20.7300	0.0011
20.7400	0.0014
20.7500	0.0018
20.7600	0.0022
20.7700	0.0024
20.7800	0.0026
20.7900	0.0027
20.8000	0.0025
20.8100	0.0022
20.8200	0.0019
20.8300	0.0016
20.8400	0.0014
20.8500	0.0011
20.8600	0.0007
20.8700	0.0005
20.8800	0.0002
20.8900	-0.0002
20.9000	-0.0004
20.9100	-0.0006
20.9200	-0.0008
20.9300	-0.0009
20.9400	-0.0009
20.9500	-0.0009
20.9600	-0.0009
20.9700	-0.0008
20.9800	-0.0008
20.9900	-0.0007
21.0000	-0.0006
21.0100	-0.0005
21.0200	-0.0004
21.0300	-0.0003
21.0400	-0.0002
21.0500	-0.0001
21.0600	-0.0001
21.0700	-0.0000
21.0800	0.0000
21.0900	0.0000
21.1000	0.0000
21.1100	0.0000
21.1200	0.0000
21.1300	0.0000
21.1400	-0.0000
21.1500	-0.0000
21.1600	-0.0000
21.1700	-0.0001
21.1800	-0.0001
21.1900	-0.0001
21.2000	-0.0001
21.2100	-0.0001
21.2200	-0.0001
21.2300	-0.0001
21.2400	-0.0001
21.2500	-0.0001
21.2600	-0.0002
21.2700	-0.0002
21.2800	-0.0002
21.2900	-0.0002
21.3000	-0.0002
21.3100	-0.0002
21.3200	-0.0002
21.3300	-0.0002
21.3400	-0.0002
21.3500	-0.0002
21.3600	-0.0002
21.3700	-0.0002
21.3800	-0.0002
21.3900	-0.0002
21.4000	-0.0002